500.0 507.0 498.0 507.0 495.0 510.0 492.0 502.0 494.0 501.0 497.0 508.0 497.0 499.0
480.0 501.0 480.0 505.0 473.0 513.0 471.0 513.0 466.0 508.0 474.0 504.0 471.0 496.0
469.0 494.0 469.0 496.0 461.0 509.0 459.0 510.0 456.0 508.0 456.0 505.0 463.0 494.0 466.0 492.0
459.0 494.0 453.0 497.0 455.0 491.0 459.0 492.0
494.0 489.0 491.0 499.0 490.0 497.0 488.0 498.0 489.0 505.0 485.0 519.0 482.0 522.0 478.0 521.0 477.0 519.0 480.0 513.0 482.0 512.0 481.0 511.0 482.0 512.0 486.0 507.0 484.0 503.0 486.0 496.0 489.0 492.0 489.0 489.0 492.0 487.0
452.0 489.0 449.0 494.0 448.0 491.0 451.0 487.0
514.0 495.0 518.0 498.0 515.0 503.0 515.0 507.0 510.0 508.0 513.0 505.0 514.0 501.0 512.0 486.0 514.0 486.0
507.0 485.0 507.0 507.0 502.0 506.0 499.0 494.0 499.0 484.0
498.0 481.0 496.0 482.0 494.0 481.0 498.0 479.0
427.0 473.0 443.0 481.0 440.0 489.0 438.0 490.0 422.0 482.0 421.0 479.0 424.0 474.0
513.0 481.0 512.0 484.0 507.0 473.0 508.0 472.0
453.0 472.0 449.0 479.0 462.0 485.0 462.0 488.0 448.0 481.0 447.0 478.0 451.0 471.0
515.0 471.0 512.0 471.0 513.0 469.0 518.0 468.0
486.0 468.0 487.0 474.0 485.0 474.0 483.0 467.0 484.0 466.0
528.0 470.0 526.0 472.0 523.0 469.0 528.0 464.0
507.0 462.0 505.0 457.0
460.0 460.0 460.0 456.0 462.0 456.0
450.0 468.0 447.0 469.0 454.0 455.0 456.0 455.0
376.0 451.0 387.0 459.0 385.0 464.0 382.0 464.0 372.0 455.0 374.0 451.0
420.0 450.0 422.0 450.0 427.0 455.0 420.0 463.0 441.0 474.0 438.0 475.0 411.0 462.0 410.0 460.0
473.0 444.0 481.0 475.0 486.0 488.0 484.0 490.0 478.0 491.0 475.0 489.0 471.0 474.0 464.0 475.0 462.0 472.0 458.0 471.0 457.0 464.0 466.0 461.0 464.0 452.0 466.0 449.0 465.0 445.0 467.0 444.0
531.0 460.0 527.0 461.0 530.0 444.0 532.0 440.0 534.0 440.0
477.0 444.0 482.0 460.0 473.0 437.0
463.0 437.0 462.0 441.0 460.0 440.0 460.0 436.0
372.0 439.0 372.0 442.0 368.0 446.0 366.0 446.0 361.0 438.0 368.0 435.0
456.0 437.0 454.0 440.0 458.0 443.0 450.0 458.0 444.0 458.0 442.0 461.0 439.0 461.0 434.0 458.0 433.0 455.0 448.0 434.0 454.0 434.0
427.0 437.0 404.0 458.0 401.0 455.0 425.0 433.0
341.0 427.0 350.0 432.0 352.0 436.0 350.0 438.0 346.0 438.0 341.0 435.0 338.0 435.0 338.0 430.0
464.0 426.0 462.0 427.0 456.0 420.0 458.0 418.0
480.0 417.0 485.0 434.0 489.0 435.0 507.0 468.0 505.0 471.0 493.0 477.0 473.0 427.0 473.0 424.0 477.0 417.0
401.0 424.0 409.0 420.0 419.0 430.0 419.0 433.0 415.0 434.0 395.0 455.0 379.0 441.0 379.0 437.0 377.0 435.0 383.0 431.0 381.0 426.0 397.0 417.0
453.0 423.0 453.0 426.0 442.0 437.0 439.0 437.0 433.0 431.0 432.0 428.0 443.0 415.0 445.0 415.0
535.0 430.0 533.0 432.0 531.0 431.0 521.0 414.0 523.0 411.0
355.0 413.0 354.0 420.0 347.0 418.0 348.0 413.0 350.0 411.0
537.0 413.0 537.0 417.0 535.0 419.0 529.0 411.0 534.0 408.0
436.0 410.0 435.0 413.0 430.0 416.0 432.0 420.0 426.0 427.0 423.0 428.0 416.0 422.0 418.0 420.0 412.0 414.0 408.0 415.0 407.0 411.0 413.0 408.0 416.0 412.0 428.0 405.0 431.0 405.0
538.0 403.0 543.0 412.0 539.0 424.0 537.0 424.0 541.0 412.0 537.0 405.0 535.0 404.0 529.0 408.0 527.0 407.0 534.0 403.0
490.0 400.0 513.0 444.0 521.0 456.0 521.0 463.0 512.0 466.0 504.0 447.0 502.0 445.0 498.0 445.0 480.0 409.0 486.0 397.0
353.0 398.0 351.0 404.0 345.0 403.0 347.0 396.0
435.0 402.0 432.0 398.0 417.0 408.0 416.0 407.0 417.0 405.0 434.0 395.0 437.0 401.0
380.0 390.0 384.0 410.0 387.0 419.0 382.0 422.0 380.0 422.0 378.0 409.0 374.0 395.0 374.0 390.0 378.0 389.0
421.0 389.0 415.0 390.0 415.0 388.0 421.0 387.0
431.0 391.0 419.0 399.0 415.0 398.0 416.0 393.0 418.0 397.0 429.0 390.0 428.0 387.0 430.0 386.0
403.0 406.0 394.0 411.0 389.0 412.0 383.0 389.0 397.0 384.0
327.0 385.0 336.0 389.0 336.0 393.0 334.0 394.0 328.0 390.0 321.0 388.0 321.0 385.0
409.0 383.0 409.0 388.0 413.0 401.0 413.0 405.0 408.0 408.0 401.0 384.0 404.0 382.0
425.0 381.0 415.0 381.0 413.0 383.0 414.0 385.0 412.0 386.0 411.0 382.0 413.0 380.0 422.0 377.0 425.0 378.0
481.0 390.0 480.0 393.0 475.0 395.0 477.0 399.0 472.0 404.0 476.0 407.0 476.0 410.0 472.0 412.0 464.0 409.0 463.0 413.0 461.0 413.0 457.0 404.0 445.0 409.0 439.0 393.0 471.0 374.0
365.0 374.0 369.0 389.0 361.0 391.0 357.0 376.0 358.0 375.0
502.0 374.0 520.0 406.0 520.0 409.0 516.0 413.0 529.0 434.0 524.0 450.0 521.0 449.0 491.0 392.0 499.0 373.0
375.0 371.0 379.0 385.0 375.0 388.0 372.0 388.0 368.0 371.0 372.0 369.0
456.0 373.0 456.0 376.0 448.0 380.0 438.0 388.0 435.0 387.0 433.0 376.0 452.0 367.0
383.0 367.0 388.0 382.0 386.0 385.0 382.0 384.0 381.0 376.0 378.0 369.0 380.0 367.0
393.0 363.0 397.0 379.0 395.0 382.0 391.0 382.0 387.0 365.0 391.0 362.0
497.0 364.0 497.0 367.0 487.0 388.0 485.0 389.0 476.0 373.0 494.0 360.0
462.0 364.0 460.0 367.0 457.0 367.0 455.0 363.0 458.0 360.0
402.0 358.0 404.0 370.0 407.0 377.0 402.0 380.0 400.0 380.0 398.0 369.0 395.0 362.0 400.0 357.0
342.0 358.0 342.0 366.0 337.0 375.0 348.0 382.0 351.0 393.0 348.0 392.0 344.0 384.0 341.0 384.0 329.0 378.0 327.0 381.0 320.0 380.0 323.0 370.0 328.0 370.0 330.0 368.0 333.0 360.0 336.0 357.0
512.0 354.0 536.0 396.0 536.0 400.0 525.0 405.0 523.0 404.0 502.0 367.0 506.0 357.0 510.0 354.0
368.0 348.0 372.0 359.0 371.0 361.0 365.0 361.0 362.0 349.0
360.0 349.0 360.0 355.0 364.0 370.0 356.0 371.0 352.0 348.0
472.0 347.0 477.0 356.0 476.0 359.0 474.0 359.0 473.0 357.0 470.0 358.0 468.0 355.0 470.0 351.0 468.0 348.0 469.0 347.0
378.0 348.0 382.0 360.0 382.0 363.0 379.0 365.0 377.0 365.0 373.0 347.0
550.0 386.0 550.0 397.0 545.0 400.0 542.0 399.0 515.0 352.0 517.0 349.0 525.0 344.0
426.0 373.0 410.0 377.0 404.0 354.0 418.0 344.0
429.0 339.0 444.0 365.0 442.0 368.0 430.0 371.0 423.0 341.0 425.0 339.0
411.0 342.0 407.0 344.0 404.0 342.0 410.0 337.0 413.0 339.0
542.0 337.0 561.0 371.0 555.0 383.0 552.0 383.0 530.0 345.0 530.0 342.0 539.0 336.0
501.0 335.0 500.0 339.0 493.0 342.0 490.0 337.0 496.0 337.0 499.0 332.0
600.0 336.0 594.0 341.0 589.0 342.0 587.0 340.0 588.0 337.0 596.0 330.0 599.0 332.0
394.0 334.0 396.0 337.0 378.0 341.0 379.0 337.0 394.0 333.0 392.0 329.0 391.0 332.0 387.0 333.0 386.0 329.0 394.0 328.0
383.0 328.0 383.0 330.0 378.0 331.0 378.0 328.0
462.0 333.0 461.0 335.0 457.0 329.0 444.0 337.0 450.0 347.0 463.0 339.0 464.0 341.0 450.0 349.0 446.0 347.0 443.0 349.0 442.0 347.0 446.0 344.0 442.0 338.0 443.0 335.0 456.0 327.0 459.0 327.0
557.0 327.0 573.0 357.0 573.0 360.0 566.0 368.0 563.0 367.0 545.0 335.0 546.0 332.0 555.0 326.0
373.0 323.0 375.0 332.0 372.0 335.0 370.0 335.0 368.0 332.0 367.0 323.0 369.0 322.0
572.0 320.0 586.0 345.0 586.0 347.0 578.0 354.0 575.0 353.0 564.0 331.0 560.0 326.0 561.0 323.0 568.0 319.0
417.0 327.0 403.0 335.0 400.0 332.0 398.0 332.0 397.0 327.0 399.0 327.0 400.0 332.0 402.0 333.0 415.0 326.0 416.0 324.0 412.0 321.0 413.0 319.0 418.0 324.0
430.0 325.0 425.0 328.0 424.0 325.0 427.0 322.0 425.0 319.0 422.0 320.0 422.0 318.0 426.0 316.0
630.0 319.0 621.0 324.0 617.0 322.0 616.0 320.0 619.0 317.0 626.0 313.0 629.0 314.0
390.0 315.0 392.0 324.0 386.0 325.0 383.0 316.0 388.0 313.0
381.0 326.0 379.0 325.0 376.0 314.0 378.0 312.0
336.0 325.0 339.0 331.0 339.0 337.0 336.0 340.0 343.0 342.0 343.0 344.0 335.0 344.0 334.0 340.0 322.0 342.0 302.0 342.0 299.0 339.0 296.0 328.0 291.0 320.0 291.0 317.0 293.0 316.0 299.0 317.0 326.0 312.0 333.0 312.0 335.0 314.0
587.0 312.0 595.0 325.0 595.0 328.0 587.0 334.0 584.0 334.0 575.0 318.0 584.0 311.0
264.0 310.0 274.0 330.0 277.0 340.0 290.0 357.0 289.0 375.0 292.0 395.0 290.0 397.0 276.0 398.0 274.0 395.0 272.0 383.0 269.0 381.0 265.0 364.0 273.0 361.0 274.0 359.0 250.0 321.0 251.0 313.0 258.0 311.0 260.0 309.0
484.0 308.0 489.0 318.0 492.0 320.0 495.0 328.0 493.0 328.0 490.0 322.0 488.0 322.0 483.0 326.0 485.0 330.0 483.0 331.0 474.0 315.0 474.0 312.0
645.0 313.0 634.0 314.0 633.0 312.0 642.0 306.0 644.0 307.0
443.0 311.0 441.0 311.0 440.0 309.0 445.0 305.0 449.0 306.0
602.0 302.0 614.0 323.0 614.0 326.0 606.0 332.0 602.0 330.0 589.0 309.0 599.0 301.0
423.0 303.0 414.0 311.0 419.0 315.0 418.0 317.0 412.0 312.0 412.0 310.0 420.0 302.0 423.0 301.0
372.0 303.0 373.0 311.0 371.0 311.0 370.0 309.0 370.0 301.0
366.0 340.0 350.0 341.0 341.0 302.0 358.0 298.0
663.0 305.0 661.0 307.0 652.0 311.0 649.0 310.0 647.0 304.0 649.0 302.0 653.0 301.0 658.0 297.0 661.0 299.0
475.0 302.0 474.0 301.0 478.0 297.0 480.0 298.0
500.0 300.0 521.0 336.0 521.0 339.0 511.0 344.0 509.0 344.0 490.0 307.0 486.0 303.0 496.0 296.0
375.0 295.0 379.0 310.0 376.0 309.0 373.0 295.0
370.0 297.0 364.0 299.0 367.0 317.0 371.0 317.0 371.0 319.0 367.0 320.0 365.0 318.0 362.0 298.0 363.0 296.0 369.0 295.0
286.0 296.0 293.0 312.0 292.0 314.0 290.0 313.0 282.0 295.0
386.0 294.0 389.0 311.0 387.0 311.0 379.0 296.0 382.0 293.0
617.0 293.0 626.0 309.0 626.0 311.0 616.0 316.0 612.0 313.0 605.0 300.0 605.0 298.0 614.0 292.0
465.0 300.0 460.0 291.0
657.0 293.0 655.0 296.0 647.0 301.0 643.0 297.0 646.0 294.0 655.0 290.0
251.0 305.0 246.0 305.0 239.0 309.0 237.0 307.0 238.0 305.0 249.0 300.0 244.0 292.0 239.0 292.0 239.0 298.0 237.0 300.0 223.0 304.0 218.0 308.0 221.0 311.0 221.0 313.0 219.0 313.0 215.0 308.0 218.0 304.0 237.0 296.0 235.0 292.0 242.0 289.0 245.0 289.0 248.0 292.0 252.0 301.0
679.0 296.0 677.0 299.0 667.0 304.0 662.0 295.0 664.0 292.0 674.0 288.0
641.0 302.0 641.0 304.0 639.0 305.0 637.0 304.0 631.0 293.0 631.0 290.0 633.0 288.0
515.0 290.0 536.0 327.0 535.0 330.0 528.0 334.0 524.0 333.0 502.0 295.0 502.0 293.0 512.0 287.0
408.0 302.0 408.0 310.0 407.0 312.0 402.0 312.0 397.0 319.0 395.0 319.0 389.0 291.0 404.0 287.0
313.0 294.0 308.0 290.0 297.0 290.0 296.0 295.0 300.0 303.0 300.0 307.0 297.0 307.0 293.0 291.0 295.0 288.0 306.0 287.0 314.0 291.0
418.0 289.0 415.0 291.0 419.0 292.0 421.0 298.0 414.0 301.0 412.0 294.0 415.0 292.0 410.0 292.0 410.0 290.0 417.0 286.0
479.0 292.0 478.0 293.0 474.0 291.0 471.0 287.0 468.0 291.0 470.0 293.0 468.0 295.0 469.0 298.0 467.0 294.0 468.0 293.0 465.0 291.0 465.0 289.0 469.0 288.0 474.0 284.0
631.0 286.0 625.0 290.0 635.0 306.0 631.0 310.0 629.0 309.0 620.0 292.0 621.0 289.0 630.0 283.0
276.0 289.0 277.0 293.0 263.0 299.0 257.0 288.0 271.0 282.0
312.0 285.0 323.0 289.0 324.0 292.0 327.0 292.0 332.0 296.0 335.0 310.0 333.0 310.0 330.0 298.0 323.0 293.0 323.0 291.0 320.0 291.0 306.0 284.0 307.0 281.0
639.0 280.0 645.0 291.0 642.0 294.0 635.0 283.0 637.0 279.0
436.0 285.0 435.0 288.0 432.0 286.0 430.0 282.0 431.0 279.0
529.0 280.0 551.0 318.0 550.0 321.0 542.0 325.0 538.0 323.0 517.0 285.0 526.0 278.0
422.0 283.0 421.0 282.0 425.0 278.0 428.0 279.0
671.0 282.0 670.0 283.0 667.0 280.0 667.0 277.0
227.0 288.0 226.0 290.0 225.0 289.0 221.0 294.0 220.0 292.0 224.0 286.0 222.0 284.0 217.0 286.0 215.0 285.0 214.0 288.0 216.0 291.0 212.0 294.0 209.0 294.0 205.0 286.0 209.0 283.0 212.0 283.0 214.0 286.0 216.0 283.0 222.0 282.0 227.0 276.0 228.0 278.0 225.0 284.0 227.0 286.0 234.0 287.0
646.0 275.0 652.0 285.0 651.0 289.0 648.0 288.0 642.0 278.0 644.0 275.0
358.0 293.0 340.0 297.0 336.0 279.0 353.0 274.0
498.0 280.0 498.0 283.0 488.0 287.0 486.0 286.0 482.0 277.0 488.0 275.0 493.0 271.0
329.0 285.0 326.0 286.0 323.0 283.0 315.0 280.0 323.0 280.0 327.0 276.0 327.0 271.0
309.0 276.0 304.0 271.0
322.0 273.0 314.0 275.0 312.0 274.0 316.0 271.0 324.0 271.0
544.0 270.0 565.0 308.0 563.0 312.0 555.0 316.0 553.0 316.0 532.0 277.0 533.0 274.0 541.0 269.0
442.0 268.0 465.0 309.0 457.0 314.0 432.0 273.0 440.0 267.0
383.0 286.0 362.0 292.0 357.0 274.0 365.0 272.0 371.0 267.0
666.0 274.0 655.0 281.0 649.0 273.0 650.0 271.0 661.0 266.0
322.0 267.0 309.0 270.0 307.0 269.0 308.0 266.0 314.0 266.0 322.0 263.0 323.0 264.0
539.0 265.0 535.0 269.0 528.0 271.0 528.0 267.0 535.0 262.0 539.0 263.0
286.0 267.0 282.0 265.0 272.0 270.0 270.0 269.0 270.0 267.0 282.0 262.0 286.0 264.0
729.0 267.0 729.0 270.0 725.0 273.0 722.0 273.0 718.0 266.0 725.0 261.0
713.0 262.0 719.0 272.0 719.0 276.0 711.0 261.0
679.0 280.0 679.0 282.0 677.0 283.0 674.0 282.0 665.0 266.0 665.0 263.0 668.0 261.0
558.0 261.0 579.0 299.0 579.0 303.0 570.0 308.0 567.0 307.0 558.0 288.0 546.0 268.0 548.0 265.0 555.0 261.0
317.0 262.0 314.0 263.0 309.0 262.0 311.0 260.0 318.0 259.0
677.0 259.0 687.0 276.0 683.0 280.0 672.0 262.0 674.0 258.0
383.0 258.0 397.0 281.0 396.0 284.0 386.0 287.0 373.0 264.0
95.0 257.0 95.0 259.0 93.0 259.0 93.0 257.0
100.0 256.0 100.0 263.0 98.0 256.0
369.0 264.0 359.0 270.0 335.0 276.0 333.0 266.0 347.0 263.0 362.0 255.0 364.0 255.0 369.0 262.0
246.0 257.0 248.0 262.0 247.0 264.0 243.0 259.0 243.0 255.0
213.0 257.0 208.0 260.0 205.0 260.0 203.0 258.0 203.0 255.0 213.0 255.0
574.0 252.0 580.0 265.0 596.0 292.0 594.0 295.0 585.0 300.0 562.0 259.0 562.0 257.0 570.0 252.0
253.0 251.0 256.0 258.0 255.0 260.0 252.0 258.0 250.0 254.0 251.0 251.0
752.0 256.0 744.0 262.0 741.0 260.0 738.0 254.0 748.0 249.0
678.0 249.0 695.0 279.0 698.0 277.0 695.0 272.0 697.0 272.0 699.0 276.0 701.0 276.0 708.0 271.0 699.0 254.0 699.0 251.0 701.0 251.0 715.0 278.0 714.0 280.0 697.0 288.0 675.0 249.0
494.0 264.0 460.0 285.0 456.0 285.0 446.0 265.0 461.0 256.0 464.0 257.0 466.0 260.0 484.0 249.0 487.0 249.0
381.0 256.0 372.0 261.0 367.0 253.0 376.0 247.0
319.0 250.0 317.0 251.0 314.0 249.0 306.0 252.0 304.0 254.0 305.0 258.0 302.0 257.0 300.0 253.0 302.0 250.0 313.0 246.0 318.0 247.0
204.0 251.0 201.0 250.0 203.0 247.0 209.0 245.0 210.0 247.0
589.0 244.0 610.0 282.0 609.0 286.0 601.0 290.0 597.0 289.0 585.0 265.0 576.0 251.0 577.0 248.0 586.0 243.0
344.0 260.0 333.0 263.0 329.0 247.0 338.0 242.0
696.0 248.0 694.0 247.0 688.0 250.0 686.0 253.0 682.0 247.0 684.0 243.0 688.0 241.0 688.0 243.0 683.0 245.0 686.0 249.0 692.0 246.0 694.0 243.0 696.0 244.0
268.0 242.0 263.0 246.0 262.0 244.0 267.0 240.0
286.0 243.0 289.0 247.0 284.0 249.0 280.0 240.0 286.0 237.0
279.0 252.0 273.0 257.0 262.0 261.0 255.0 244.0 258.0 245.0 260.0 252.0 264.0 258.0 269.0 256.0 276.0 251.0 271.0 239.0 271.0 236.0 273.0 236.0
605.0 237.0 625.0 272.0 624.0 276.0 616.0 280.0 613.0 280.0 609.0 274.0 592.0 240.0 601.0 235.0
361.0 253.0 350.0 259.0 347.0 259.0 341.0 240.0 350.0 235.0
223.0 240.0 224.0 245.0 234.0 264.0 231.0 267.0 228.0 267.0 218.0 273.0 202.0 278.0 190.0 254.0 190.0 251.0 194.0 249.0 197.0 250.0 194.0 256.0 197.0 259.0 203.0 273.0 228.0 262.0 229.0 259.0 219.0 240.0 215.0 240.0 219.0 250.0 218.0 252.0 216.0 252.0 211.0 239.0 219.0 235.0
765.0 235.0 765.0 238.0 758.0 252.0 755.0 253.0 751.0 247.0 753.0 239.0 763.0 234.0
710.0 234.0 721.0 252.0 718.0 253.0 713.0 245.0 707.0 248.0 706.0 246.0 712.0 243.0 708.0 236.0 702.0 240.0 700.0 239.0
500.0 233.0 524.0 272.0 524.0 275.0 513.0 281.0 511.0 280.0 489.0 241.0 489.0 238.0 497.0 233.0
246.0 235.0 242.0 236.0 242.0 234.0 246.0 233.0
264.0 236.0 252.0 240.0 253.0 236.0 265.0 232.0
737.0 267.0 735.0 268.0 732.0 263.0 731.0 267.0 727.0 260.0 728.0 259.0 731.0 264.0 732.0 262.0 716.0 235.0 716.0 231.0
509.0 231.0 528.0 262.0 527.0 264.0 524.0 265.0 504.0 232.0 506.0 230.0
200.0 233.0 193.0 234.0 194.0 231.0 200.0 230.0
748.0 233.0 747.0 243.0 742.0 245.0 740.0 243.0 734.0 246.0 729.0 236.0 740.0 229.0 744.0 229.0
365.0 229.0 374.0 244.0 373.0 246.0 364.0 251.0 353.0 234.0 363.0 228.0
315.0 235.0 314.0 239.0 297.0 246.0 294.0 245.0 290.0 237.0 291.0 235.0 293.0 235.0 297.0 243.0 312.0 236.0 309.0 232.0 303.0 229.0 304.0 227.0 313.0 231.0
294.0 227.0 296.0 230.0 293.0 231.0 287.0 228.0
620.0 228.0 640.0 265.0 639.0 268.0 631.0 272.0 627.0 270.0 607.0 233.0 607.0 231.0 616.0 226.0
761.0 229.0 755.0 232.0 753.0 229.0 759.0 225.0
517.0 226.0 536.0 258.0 530.0 260.0 511.0 229.0 514.0 225.0
732.0 227.0 727.0 230.0 724.0 230.0 722.0 226.0 727.0 222.0 730.0 222.0
670.0 226.0 669.0 231.0 666.0 231.0 663.0 227.0 663.0 224.0 666.0 222.0
361.0 226.0 328.0 244.0 327.0 237.0 358.0 221.0 361.0 222.0
240.0 220.0 244.0 232.0 242.0 232.0 240.0 229.0 238.0 220.0
634.0 219.0 655.0 257.0 646.0 264.0 643.0 262.0 622.0 224.0 630.0 218.0
368.0 219.0 366.0 219.0 369.0 217.0
286.0 219.0 283.0 228.0 279.0 229.0 278.0 228.0 280.0 218.0 284.0 217.0
200.0 222.0 195.0 225.0 192.0 225.0 190.0 223.0 190.0 220.0 196.0 217.0
531.0 217.0 555.0 257.0 545.0 264.0 542.0 263.0 520.0 223.0 521.0 220.0 528.0 216.0
663.0 251.0 663.0 253.0 660.0 255.0 658.0 254.0 638.0 217.0 641.0 213.0
754.0 216.0 754.0 220.0 747.0 225.0 735.0 224.0 732.0 218.0 733.0 209.0
649.0 210.0 670.0 248.0 668.0 250.0 666.0 250.0 645.0 213.0 647.0 209.0
707.0 229.0 675.0 245.0 669.0 235.0 671.0 232.0 675.0 230.0 667.0 215.0 681.0 208.0 693.0 210.0 695.0 209.0
345.0 214.0 334.0 219.0 332.0 210.0 342.0 208.0
262.0 212.0 260.0 217.0 255.0 218.0 254.0 216.0 257.0 208.0 261.0 208.0
245.0 211.0 244.0 217.0 241.0 216.0 241.0 213.0 235.0 211.0 230.0 212.0 230.0 223.0 241.0 248.0 244.0 249.0 249.0 246.0 247.0 242.0 248.0 239.0 252.0 244.0 250.0 249.0 243.0 253.0 239.0 251.0 227.0 223.0 227.0 210.0 229.0 209.0 229.0 207.0
710.0 206.0 728.0 208.0 728.0 216.0 713.0 224.0 710.0 224.0 703.0 207.0
549.0 210.0 570.0 248.0 569.0 250.0 560.0 255.0 557.0 254.0 535.0 215.0 537.0 211.0 545.0 206.0
695.0 204.0 695.0 206.0 686.0 204.0
658.0 204.0 665.0 218.0 663.0 221.0 659.0 220.0 652.0 207.0 653.0 204.0
281.0 204.0 281.0 206.0 277.0 206.0 277.0 203.0
350.0 206.0 347.0 207.0 345.0 204.0 349.0 202.0
212.0 203.0 214.0 206.0 213.0 227.0 216.0 231.0 215.0 234.0 210.0 228.0 209.0 224.0 211.0 217.0 211.0 207.0 208.0 204.0 206.0 207.0 205.0 215.0 202.0 214.0 204.0 203.0 207.0 201.0
382.0 205.0 380.0 208.0 378.0 205.0 375.0 207.0 378.0 211.0 377.0 214.0 375.0 213.0 372.0 207.0 376.0 199.0
323.0 199.0 327.0 203.0 325.0 206.0 330.0 224.0 334.0 224.0 348.0 218.0 351.0 214.0 349.0 209.0 351.0 208.0 353.0 209.0 356.0 217.0 326.0 231.0 321.0 209.0 322.0 200.0
562.0 199.0 584.0 237.0 584.0 240.0 575.0 245.0 571.0 243.0 554.0 211.0 550.0 206.0 551.0 202.0 558.0 198.0
198.0 201.0 196.0 203.0 184.0 202.0 180.0 206.0 180.0 214.0 187.0 236.0 189.0 239.0 192.0 237.0 195.0 238.0 194.0 240.0 187.0 243.0 183.0 235.0 176.0 212.0 178.0 203.0 183.0 199.0 189.0 198.0
680.0 204.0 666.0 211.0 664.0 211.0 659.0 202.0 668.0 197.0 672.0 197.0 680.0 201.0
440.0 196.0 440.0 198.0 436.0 198.0 436.0 196.0
362.0 198.0 362.0 201.0 368.0 210.0 367.0 214.0 366.0 213.0 363.0 216.0 357.0 204.0 355.0 204.0 355.0 197.0 358.0 195.0
346.0 199.0 345.0 201.0 342.0 198.0 343.0 195.0
302.0 199.0 300.0 207.0 297.0 207.0 298.0 198.0 301.0 195.0
371.0 199.0 370.0 201.0 366.0 197.0 367.0 194.0
314.0 200.0 310.0 210.0 310.0 214.0 308.0 218.0 306.0 218.0 305.0 216.0 310.0 203.0 308.0 196.0 310.0 194.0
244.0 193.0 242.0 197.0 238.0 195.0 239.0 191.0
340.0 193.0 340.0 197.0 338.0 200.0 329.0 202.0 328.0 200.0 330.0 198.0 330.0 190.0
282.0 198.0 279.0 202.0 278.0 198.0 280.0 190.0 282.0 190.0
497.0 229.0 481.0 239.0 471.0 243.0 449.0 202.0 449.0 199.0 473.0 189.0
600.0 230.0 598.0 233.0 590.0 237.0 587.0 235.0 565.0 196.0 568.0 192.0 576.0 188.0
305.0 192.0 299.0 190.0 293.0 191.0 290.0 207.0 287.0 208.0 286.0 206.0 291.0 188.0 304.0 188.0
663.0 192.0 663.0 195.0 658.0 198.0 656.0 197.0 650.0 188.0 651.0 186.0
263.0 195.0 260.0 196.0 259.0 195.0 261.0 186.0 263.0 185.0
101.0 186.0 100.0 189.0 97.0 189.0 95.0 187.0 97.0 184.0
495.0 186.0 513.0 219.0 512.0 222.0 503.0 227.0 500.0 225.0 481.0 189.0 482.0 186.0 491.0 182.0
460.0 182.0 469.0 183.0 468.0 185.0 461.0 186.0 459.0 184.0
646.0 185.0 653.0 197.0 652.0 200.0 648.0 201.0 637.0 184.0 638.0 181.0
389.0 186.0 383.0 189.0 378.0 186.0 375.0 186.0 376.0 182.0 382.0 185.0 387.0 181.0 389.0 183.0
293.0 181.0 294.0 183.0 291.0 184.0 289.0 182.0
287.0 188.0 276.0 184.0 272.0 192.0 270.0 203.0 266.0 202.0 273.0 181.0 275.0 180.0 288.0 185.0
245.0 180.0 244.0 189.0 241.0 187.0 242.0 180.0
593.0 180.0 603.0 201.0 615.0 221.0 613.0 224.0 605.0 228.0 602.0 226.0 580.0 187.0 582.0 184.0 590.0 179.0
530.0 179.0 542.0 203.0 535.0 208.0 532.0 208.0 517.0 184.0 516.0 180.0
506.0 178.0 510.0 179.0 527.0 208.0 527.0 212.0 519.0 216.0 515.0 215.0 496.0 183.0 496.0 180.0
268.0 182.0 260.0 180.0 256.0 181.0 253.0 200.0 251.0 200.0 250.0 197.0 253.0 179.0 257.0 176.0 268.0 179.0
478.0 182.0 478.0 180.0 489.0 175.0 490.0 176.0
274.0 175.0 275.0 178.0 270.0 176.0
388.0 173.0 393.0 175.0 399.0 174.0 402.0 180.0 390.0 180.0 386.0 175.0
630.0 213.0 629.0 215.0 620.0 220.0 618.0 219.0 595.0 178.0 595.0 176.0 605.0 171.0
615.0 169.0 629.0 176.0 645.0 203.0 644.0 206.0 637.0 210.0 633.0 209.0 611.0 172.0 612.0 169.0
546.0 169.0 558.0 193.0 557.0 195.0 549.0 199.0 546.0 199.0 535.0 177.0 536.0 174.0 543.0 169.0
249.0 177.0 237.0 173.0 235.0 176.0 232.0 194.0 229.0 194.0 233.0 172.0 236.0 169.0 250.0 174.0
255.0 168.0 255.0 171.0 251.0 169.0 251.0 167.0
402.0 166.0 411.0 166.0 415.0 170.0 415.0 172.0 403.0 172.0 399.0 169.0
610.0 164.0 609.0 166.0 606.0 165.0 606.0 162.0
421.0 163.0 418.0 167.0 416.0 163.0 420.0 162.0
108.0 164.0 108.0 167.0 103.0 164.0 106.0 160.0 105.0 164.0 107.0 165.0 108.0 160.0 111.0 160.0
416.0 161.0 414.0 162.0 412.0 160.0 415.0 158.0
573.0 184.0 571.0 187.0 564.0 191.0 562.0 191.0 553.0 172.0 548.0 165.0 558.0 157.0
421.0 157.0 420.0 159.0 418.0 158.0 418.0 155.0
584.0 154.0 599.0 161.0 603.0 165.0 603.0 168.0 592.0 174.0 585.0 163.0 582.0 155.0
575.0 155.0 578.0 158.0 588.0 176.0 587.0 178.0 578.0 183.0 576.0 182.0 563.0 157.0 564.0 154.0
426.0 149.0 432.0 161.0 431.0 163.0 428.0 162.0 423.0 150.0
452.0 152.0 453.0 154.0 452.0 156.0 449.0 156.0 430.0 151.0 430.0 148.0
317.0 150.0 312.0 149.0 313.0 144.0 318.0 144.0
415.0 152.0 400.0 159.0 395.0 163.0 368.0 177.0 346.0 175.0 343.0 173.0 339.0 173.0 336.0 169.0 332.0 169.0 330.0 167.0 330.0 161.0 333.0 152.0 367.0 160.0 404.0 138.0 413.0 140.0 415.0 147.0
299.0 139.0 299.0 144.0 296.0 145.0 293.0 143.0 294.0 138.0
346.0 137.0 346.0 150.0 335.0 147.0 336.0 141.0 339.0 136.0
368.0 154.0 364.0 155.0 351.0 151.0 351.0 139.0 365.0 134.0
486.0 133.0 491.0 143.0 498.0 143.0 509.0 163.0 501.0 163.0 498.0 165.0 484.0 167.0 471.0 135.0
279.0 133.0 278.0 138.0 274.0 137.0 275.0 131.0
428.0 144.0 421.0 147.0 415.0 134.0 425.0 130.0
320.0 136.0 311.0 134.0 309.0 136.0 306.0 152.0 303.0 151.0 307.0 132.0 311.0 130.0 320.0 132.0
521.0 129.0 527.0 138.0 537.0 160.0 537.0 164.0 524.0 172.0 520.0 172.0 517.0 169.0 502.0 139.0 499.0 136.0 493.0 136.0 491.0 132.0 492.0 131.0
373.0 151.0 370.0 133.0 388.0 128.0 402.0 134.0
260.0 131.0 258.0 134.0 254.0 131.0 254.0 129.0 259.0 127.0
456.0 127.0 439.0 127.0 438.0 137.0 430.0 136.0 430.0 126.0 434.0 127.0 444.0 125.0 456.0 125.0
300.0 130.0 296.0 130.0 293.0 128.0 290.0 129.0 288.0 145.0 285.0 146.0 284.0 143.0 288.0 126.0 292.0 124.0 301.0 127.0
494.0 126.0 489.0 128.0 469.0 129.0 469.0 125.0 496.0 124.0 503.0 122.0 511.0 122.0 515.0 124.0
327.0 124.0 329.0 123.0 331.0 129.0 324.0 128.0 325.0 121.0
549.0 121.0 566.0 146.0 544.0 159.0 530.0 129.0 540.0 119.0
283.0 125.0 272.0 123.0 269.0 138.0 265.0 140.0 270.0 119.0 284.0 122.0
309.0 117.0 309.0 125.0 300.0 122.0 301.0 116.0
206.0 116.0 227.0 123.0 231.0 123.0 234.0 126.0 232.0 132.0 229.0 133.0 201.0 125.0 201.0 117.0
403.0 129.0 390.0 124.0 389.0 122.0 364.0 130.0 363.0 122.0 400.0 114.0 405.0 123.0
257.0 114.0 260.0 116.0 264.0 116.0 266.0 118.0 265.0 120.0 262.0 120.0 255.0 117.0 248.0 138.0 249.0 142.0 260.0 144.0 262.0 142.0 267.0 144.0 268.0 148.0 275.0 149.0 278.0 151.0 282.0 148.0 287.0 150.0 286.0 152.0 288.0 154.0 299.0 156.0 300.0 154.0 309.0 156.0 308.0 158.0 310.0 160.0 320.0 162.0 321.0 164.0 317.0 165.0 245.0 145.0 245.0 138.0 251.0 115.0
279.0 116.0 275.0 115.0 279.0 113.0
465.0 120.0 427.0 122.0 426.0 114.0 464.0 112.0
501.0 118.0 469.0 120.0 469.0 112.0 492.0 110.0 501.0 116.0
308.0 106.0 308.0 113.0 302.0 112.0 304.0 106.0
258.0 106.0 258.0 109.0 255.0 109.0 255.0 105.0
397.0 109.0 377.0 113.0 364.0 117.0 362.0 115.0 362.0 105.0 385.0 107.0 390.0 104.0 397.0 105.0
356.0 105.0 359.0 131.0 352.0 133.0 340.0 131.0 343.0 124.0 343.0 118.0 346.0 113.0 346.0 107.0 348.0 104.0
215.0 105.0 238.0 112.0 236.0 120.0 231.0 121.0 205.0 113.0 204.0 109.0 206.0 104.0
451.0 108.0 469.0 98.0 472.0 98.0 485.0 106.0
243.0 101.0 243.0 104.0 240.0 107.0 237.0 107.0 235.0 105.0 235.0 101.0 238.0 98.0
343.0 97.0 340.0 109.0 335.0 110.0 333.0 112.0 332.0 119.0 329.0 120.0 330.0 108.0 338.0 104.0 339.0 95.0 336.0 92.0 341.0 91.0
420.0 93.0 416.0 93.0 400.0 101.0 408.0 105.0 412.0 118.0 415.0 120.0 419.0 117.0 417.0 101.0 419.0 98.0 421.0 99.0 420.0 102.0 422.0 105.0 424.0 121.0 414.0 127.0 411.0 127.0 409.0 125.0 403.0 106.0 398.0 99.0 402.0 96.0 418.0 90.0
233.0 96.0 234.0 99.0 232.0 104.0 229.0 104.0 230.0 100.0 228.0 98.0 219.0 95.0 215.0 95.0 214.0 99.0 211.0 99.0 210.0 98.0 213.0 90.0
412.0 89.0 404.0 93.0 401.0 93.0 401.0 91.0 409.0 87.0 412.0 87.0
330.0 87.0 334.0 90.0 331.0 101.0 329.0 101.0 328.0 99.0 331.0 92.0 325.0 89.0 319.0 90.0 316.0 104.0 328.0 107.0 327.0 110.0 313.0 107.0 312.0 105.0 317.0 87.0 320.0 85.0
287.0 89.0 282.0 88.0 267.0 95.0 267.0 104.0 276.0 106.0 276.0 99.0 279.0 99.0 281.0 101.0 280.0 109.0 277.0 110.0 269.0 107.0 263.0 107.0 262.0 101.0 264.0 93.0 266.0 91.0 281.0 85.0 286.0 85.0 288.0 87.0
465.0 95.0 448.0 104.0 447.0 83.0
312.0 84.0 310.0 86.0 302.0 85.0 295.0 89.0 292.0 103.0 298.0 104.0 299.0 107.0 289.0 107.0 289.0 101.0 293.0 86.0 301.0 82.0 310.0 82.0
442.0 87.0 444.0 108.0 425.0 109.0 425.0 98.0 422.0 82.0 443.0 81.0
380.0 82.0 378.0 88.0 372.0 86.0 374.0 80.0
246.0 94.0 242.0 92.0 221.0 88.0 220.0 84.0 225.0 83.0 243.0 88.0 245.0 84.0 241.0 82.0 241.0 79.0 249.0 80.0
515.0 80.0 513.0 84.0 507.0 81.0 509.0 77.0
365.0 74.0 367.0 76.0 366.0 82.0 364.0 84.0 358.0 83.0 358.0 79.0 361.0 74.0
463.0 70.0 499.0 88.0 534.0 111.0 535.0 113.0 527.0 125.0 524.0 125.0 457.0 84.0 456.0 82.0
409.0 80.0 399.0 85.0 396.0 85.0 393.0 79.0 394.0 75.0 391.0 74.0 391.0 71.0 400.0 66.0 403.0 66.0
262.0 67.0 264.0 69.0 263.0 74.0 260.0 74.0 260.0 71.0 257.0 69.0 254.0 73.0 254.0 77.0 251.0 77.0 251.0 72.0 254.0 65.0
239.0 66.0 238.0 79.0 235.0 78.0 236.0 69.0 232.0 68.0 231.0 65.0
433.0 61.0 449.0 63.0 458.0 68.0 452.0 79.0 449.0 79.0 444.0 76.0 434.0 76.0 433.0 66.0 431.0 62.0
426.0 61.0 430.0 76.0 417.0 76.0 416.0 62.0
361.0 61.0 364.0 61.0 361.0 63.0
283.0 62.0 282.0 70.0 279.0 69.0 279.0 64.0 275.0 64.0 273.0 72.0 270.0 72.0 273.0 60.0
387.0 59.0 393.0 62.0 397.0 62.0 395.0 66.0 393.0 66.0 392.0 63.0 386.0 66.0 384.0 65.0 384.0 60.0
338.0 77.0 336.0 79.0 330.0 77.0 322.0 77.0 318.0 75.0 319.0 68.0 323.0 67.0 322.0 72.0 324.0 74.0 334.0 75.0 339.0 59.0 342.0 60.0
296.0 57.0 301.0 59.0 303.0 61.0 302.0 65.0 299.0 66.0 299.0 62.0 295.0 60.0 293.0 62.0 292.0 67.0 290.0 67.0 289.0 65.0 291.0 58.0
332.0 52.0 332.0 60.0 328.0 59.0 328.0 52.0 330.0 51.0
231.0 56.0 236.0 60.0 246.0 61.0 247.0 60.0 245.0 58.0 235.0 53.0 237.0 51.0 249.0 56.0 250.0 63.0 249.0 65.0 227.0 60.0
271.0 50.0 269.0 52.0 262.0 52.0 262.0 50.0 268.0 48.0 268.0 46.0 271.0 47.0
322.0 52.0 320.0 53.0 320.0 45.0 322.0 43.0
249.0 45.0 236.0 47.0 225.0 53.0 219.0 64.0 219.0 74.0 218.0 76.0 215.0 75.0 215.0 66.0 217.0 60.0 225.0 49.0 234.0 43.0 250.0 43.0
288.0 46.0 280.0 46.0 279.0 44.0 281.0 42.0 285.0 43.0 287.0 39.0 290.0 40.0
315.0 34.0 318.0 33.0 330.0 37.0 331.0 44.0 339.0 45.0 339.0 51.0 341.0 53.0 346.0 53.0 345.0 56.0 337.0 55.0 336.0 47.0 328.0 47.0 328.0 40.0 319.0 37.0 317.0 39.0 315.0 54.0 312.0 60.0 315.0 62.0 317.0 60.0 317.0 57.0 319.0 56.0 320.0 62.0 319.0 64.0 309.0 64.0
304.0 36.0 301.0 37.0 302.0 32.0 305.0 31.0
290.0 33.0 279.0 32.0 278.0 36.0 273.0 39.0 261.0 38.0 258.0 54.0 264.0 56.0 265.0 58.0 260.0 59.0 255.0 57.0 254.0 55.0 257.0 44.0 257.0 37.0 259.0 35.0 271.0 35.0 274.0 37.0 276.0 30.0 278.0 29.0 290.0 30.0
296.0 22.0 308.0 25.0 307.0 28.0 303.0 28.0 298.0 25.0 295.0 29.0 296.0 32.0 293.0 32.0 292.0 30.0
293.0 17.0 287.0 20.0 256.0 29.0 252.0 32.0 240.0 36.0 230.0 37.0 240.0 32.0 251.0 29.0 256.0 26.0 255.0 25.0 244.0 27.0 225.0 34.0 210.0 48.0 207.0 53.0 207.0 57.0 209.0 59.0 210.0 58.0 210.0 62.0 203.0 60.0 203.0 55.0 209.0 44.0 222.0 32.0 240.0 25.0 277.0 15.0 282.0 12.0 289.0 10.0 292.0 11.0
35.0 115.0 37.0 122.0 54.0 125.0 105.0 141.0 98.0 170.0 95.0 175.0 86.0 204.0 87.0 208.0 91.0 200.0 96.0 201.0 97.0 203.0 95.0 206.0 94.0 212.0 92.0 212.0 86.0 208.0 83.0 218.0 79.0 226.0 76.0 224.0 51.0 218.0 45.0 215.0 28.0 212.0 28.0 214.0 38.0 216.0 40.0 218.0 52.0 222.0 55.0 221.0 69.0 225.0 69.0 227.0 55.0 223.0 53.0 221.0 49.0 229.0 37.0 224.0 39.0 220.0 38.0 217.0 22.0 213.0 20.0 211.0 24.0 212.0 24.0 210.0 13.0 206.0 10.0 206.0 3.0 214.0 3.0 220.0 8.0 227.0 18.0 230.0 24.0 234.0 29.0 249.0 36.0 260.0 45.0 259.0 50.0 261.0 53.0 259.0 69.0 258.0 78.0 263.0 88.0 264.0 96.0 268.0 106.0 278.0 111.0 297.0 111.0 306.0 120.0 329.0 121.0 348.0 115.0 356.0 108.0 357.0 103.0 355.0 94.0 367.0 101.0 378.0 106.0 380.0 107.0 378.0 109.0 378.0 112.0 381.0 116.0 382.0 120.0 381.0 123.0 386.0 130.0 383.0 132.0 381.0 136.0 367.0 136.0 362.0 139.0 355.0 158.0 357.0 188.0 356.0 191.0 360.0 206.0 355.0 215.0 355.0 217.0 364.0 224.0 377.0 236.0 390.0 256.0 401.0 276.0 401.0 290.0 405.0 295.0 405.0 304.0 399.0 304.0 392.0 306.0 390.0 313.0 352.0 317.0 349.0 325.0 350.0 329.0 355.0 329.0 361.0 327.0 364.0 318.0 369.0 315.0 381.0 315.0 388.0 334.0 400.0 338.0 401.0 340.0 403.0 343.0 414.0 341.0 413.0 335.0 423.0 331.0 427.0 320.0 422.0 318.0 427.0 328.0 431.0 336.0 437.0 353.0 446.0 352.0 452.0 354.0 454.0 361.0 457.0 365.0 453.0 368.0 454.0 385.0 469.0 396.0 475.0 400.0 474.0 391.0 470.0 392.0 466.0 410.0 475.0 413.0 473.0 413.0 471.0 411.0 469.0 395.0 463.0 395.0 460.0 418.0 469.0 415.0 478.0 412.0 480.0 428.0 487.0 430.0 490.0 437.0 492.0 440.0 497.0 444.0 500.0 442.0 503.0 443.0 508.0 448.0 512.0 472.0 523.0 478.0 529.0 483.0 529.0 484.0 527.0 486.0 527.0 490.0 523.0 493.0 516.0 509.0 512.0 515.0 512.0 519.0 509.0 520.0 504.0 524.0 499.0 526.0 490.0 532.0 478.0 537.0 444.0 541.0 437.0 540.0 433.0 544.0 424.0 547.0 407.0 552.0 403.0 560.0 389.0 563.0 388.0 564.0 390.0 580.0 369.0 600.0 351.0 598.0 345.0 603.0 340.0 613.0 333.0 638.0 320.0 659.0 316.0 666.0 326.0 666.0 331.0 672.0 332.0 673.0 326.0 664.0 314.0 667.0 311.0 684.0 303.0 731.0 276.0 759.0 257.0 767.0 247.0 772.0 254.0 773.0 259.0 779.0 258.0 779.0 253.0 772.0 244.0 774.0 242.0 773.0 237.0 775.0 233.0 773.0 227.0 777.0 219.0 772.0 212.0 763.0 212.0 760.0 209.0 757.0 209.0 760.0 196.0 759.0 189.0 753.0 190.0 752.0 206.0 693.0 199.0 673.0 192.0 653.0 183.0 643.0 174.0 636.0 172.0 640.0 161.0 639.0 155.0 633.0 156.0 631.0 169.0 611.0 160.0 606.0 154.0 596.0 152.0 584.0 147.0 578.0 150.0 574.0 148.0 571.0 137.0 556.0 119.0 549.0 115.0 543.0 115.0 539.0 110.0 536.0 109.0 534.0 103.0 530.0 104.0 524.0 99.0 524.0 97.0 533.0 94.0 529.0 86.0 512.0 71.0 505.0 68.0 500.0 76.0 496.0 78.0 487.0 77.0 485.0 66.0 481.0 65.0 475.0 68.0 471.0 66.0 471.0 62.0 469.0 60.0 463.0 58.0 459.0 54.0 448.0 54.0 446.0 56.0 441.0 56.0 438.0 53.0 429.0 53.0 425.0 51.0 373.0 54.0 359.0 46.0 349.0 36.0 348.0 30.0 342.0 23.0 341.0 16.0 334.0 15.0 332.0 7.0 324.0 6.0 322.0 3.0 318.0 8.0 311.0 8.0 304.0 5.0 292.0 6.0 287.0 8.0 281.0 8.0 271.0 12.0 264.0 12.0 262.0 15.0 239.0 22.0 221.0 22.0 215.0 29.0 210.0 31.0 204.0 37.0 200.0 47.0 195.0 47.0 186.0 42.0 179.0 41.0 171.0 58.0 161.0 99.0 156.0 110.0 155.0 120.0 169.0 125.0 172.0 129.0 170.0 137.0 166.0 140.0 159.0 140.0 150.0 135.0 126.0 130.0 120.0 127.0 117.0 122.0 107.0 122.0 86.0 115.0 60.0 110.0 56.0 108.0 55.0 104.0 47.0 97.0 36.0 106.0
780.0 1.0 780.0 529.0 1.0 529.0 1.0 1.0
