992.0 1017.0 986.0 1005.0 987.0 1004.0
999.0 1013.0 996.0 1009.0 993.0 1000.0
933.0 984.0 941.0 992.0 943.0 992.0 959.0 1003.0 958.0 1010.0 946.0 1024.0 943.0 1024.0 928.0 1012.0 920.0 1019.0 916.0 1019.0 911.0 1015.0 911.0 1011.0 928.0 985.0
913.0 986.0 909.0 993.0 912.0 984.0 918.0 986.0
899.0 983.0 897.0 984.0 902.0 976.0
1011.0 970.0 1013.0 972.0 1014.0 1012.0 1007.0 1013.0 1005.0 1010.0 1001.0 990.0 999.0 987.0 998.0 970.0
991.0 962.0 995.0 960.0
853.0 947.0 883.0 962.0 884.0 964.0 880.0 975.0 875.0 977.0 847.0 963.0 845.0 961.0 845.0 957.0 848.0 951.0
1021.0 955.0 1024.0 965.0 1016.0 946.0
904.0 944.0 904.0 946.0 898.0 958.0 924.0 971.0 924.0 974.0 896.0 961.0 894.0 957.0 902.0 943.0
1026.0 941.0 1034.0 937.0
971.0 933.0 974.0 947.0 972.0 948.0 970.0 947.0 967.0 935.0 968.0 932.0
1053.0 940.0 1050.0 940.0 1049.0 938.0 1051.0 938.0 1054.0 935.0
794.0 920.0 834.0 937.0 835.0 943.0 830.0 955.0 827.0 958.0 825.0 958.0 784.0 940.0 782.0 937.0 784.0 933.0 787.0 933.0 820.0 949.0 824.0 947.0 826.0 943.0 822.0 939.0 793.0 927.0 790.0 924.0 791.0 920.0
1014.0 923.0 1010.0 915.0
925.0 915.0 920.0 920.0 917.0 918.0 917.0 916.0 921.0 911.0 923.0 911.0
912.0 911.0 898.0 938.0 895.0 938.0 895.0 935.0 906.0 913.0 910.0 909.0
751.0 902.0 771.0 917.0 773.0 921.0 770.0 926.0 764.0 926.0 745.0 910.0 745.0 906.0
839.0 900.0 845.0 901.0 852.0 906.0 852.0 912.0 841.0 925.0 841.0 927.0 869.0 942.0 880.0 946.0 881.0 949.0 877.0 950.0 821.0 923.0 820.0 921.0 822.0 917.0
943.0 888.0 945.0 890.0 968.0 969.0 969.0 976.0 964.0 979.0 956.0 980.0 952.0 978.0 945.0 951.0 943.0 948.0 930.0 949.0 926.0 943.0 920.0 943.0 916.0 937.0 915.0 929.0 917.0 926.0 930.0 924.0 932.0 921.0 928.0 905.0 932.0 902.0 931.0 891.0 939.0 888.0
1061.0 915.0 1059.0 919.0 1055.0 920.0 1062.0 887.0 1066.0 882.0
949.0 875.0 965.0 919.0 964.0 920.0 959.0 910.0 947.0 874.0
923.0 873.0 925.0 875.0 924.0 882.0 921.0 881.0 920.0 873.0
743.0 877.0 743.0 884.0 736.0 892.0 733.0 893.0 726.0 886.0 723.0 876.0 728.0 875.0 734.0 871.0 737.0 871.0
912.0 872.0 909.0 880.0 915.0 886.0 901.0 914.0 897.0 918.0 889.0 916.0 885.0 921.0 878.0 921.0 867.0 914.0 867.0 909.0 894.0 871.0 899.0 866.0 908.0 869.0
855.0 874.0 811.0 915.0 807.0 916.0 802.0 912.0 802.0 909.0 847.0 865.0 854.0 869.0
679.0 856.0 684.0 855.0 703.0 867.0 703.0 873.0 698.0 877.0 695.0 877.0 684.0 871.0 678.0 870.0 676.0 868.0 676.0 861.0
927.0 849.0 927.0 852.0 924.0 853.0 913.0 841.0 915.0 837.0
802.0 848.0 817.0 840.0 839.0 861.0 840.0 864.0 795.0 908.0 791.0 910.0 759.0 883.0 757.0 878.0 757.0 872.0 755.0 869.0 766.0 861.0 763.0 852.0 791.0 835.0 794.0 835.0
958.0 833.0 960.0 835.0 970.0 867.0 972.0 869.0 978.0 870.0 1014.0 936.0 1013.0 940.0 987.0 953.0 983.0 948.0 945.0 851.0 954.0 834.0
905.0 846.0 906.0 850.0 884.0 873.0 878.0 873.0 866.0 861.0 864.0 857.0 888.0 830.0
1068.0 858.0 1068.0 861.0 1064.0 864.0 1042.0 828.0 1047.0 823.0
707.0 824.0 711.0 828.0 710.0 835.0 706.0 840.0 697.0 838.0 694.0 834.0 697.0 825.0 700.0 823.0
1070.0 817.0 1074.0 825.0 1073.0 836.0 1070.0 838.0 1067.0 837.0 1059.0 822.0 1059.0 820.0 1067.0 816.0
870.0 820.0 870.0 824.0 861.0 831.0 863.0 840.0 851.0 854.0 845.0 855.0 833.0 844.0 835.0 839.0 825.0 829.0 818.0 830.0 815.0 826.0 816.0 821.0 826.0 816.0 831.0 823.0 833.0 823.0 839.0 819.0 845.0 818.0 855.0 810.0 861.0 810.0
1075.0 806.0 1077.0 808.0 1085.0 823.0 1085.0 827.0 1077.0 848.0 1074.0 847.0 1074.0 844.0 1081.0 824.0 1074.0 811.0 1070.0 809.0 1056.0 817.0 1054.0 815.0 1055.0 813.0 1070.0 805.0
978.0 797.0 1045.0 920.0 1043.0 925.0 1026.0 933.0 1022.0 929.0 1012.0 903.0 1005.0 892.0 1000.0 892.0 996.0 890.0 960.0 818.0 972.0 793.0
698.0 792.0 705.0 795.0 704.0 805.0 700.0 809.0 692.0 807.0 690.0 804.0 694.0 792.0
873.0 804.0 870.0 804.0 867.0 798.0 864.0 797.0 837.0 814.0 831.0 814.0 833.0 811.0 866.0 791.0 868.0 791.0 873.0 801.0
759.0 779.0 761.0 782.0 774.0 837.0 765.0 844.0 760.0 844.0 747.0 783.0 748.0 780.0 755.0 778.0
840.0 778.0 837.0 779.0 829.0 779.0 830.0 776.0 838.0 774.0 841.0 775.0
862.0 782.0 859.0 785.0 835.0 799.0 830.0 796.0 830.0 787.0 833.0 788.0 836.0 794.0 855.0 783.0 858.0 780.0 857.0 774.0 861.0 774.0
796.0 771.0 805.0 806.0 805.0 813.0 788.0 822.0 779.0 825.0 776.0 822.0 765.0 778.0 768.0 775.0 794.0 768.0
655.0 770.0 671.0 778.0 671.0 786.0 667.0 787.0 652.0 779.0 643.0 776.0 643.0 768.0
817.0 764.0 827.0 806.0 826.0 810.0 816.0 816.0 812.0 811.0 801.0 771.0 802.0 766.0 810.0 763.0
849.0 762.0 846.0 762.0 844.0 759.0 841.0 759.0 829.0 763.0 827.0 765.0 828.0 770.0 826.0 772.0 824.0 771.0 822.0 763.0 825.0 760.0 845.0 754.0 849.0 756.0
959.0 773.0 963.0 782.0 962.0 785.0 952.0 790.0 954.0 796.0 953.0 802.0 946.0 808.0 951.0 812.0 953.0 816.0 951.0 822.0 948.0 824.0 944.0 824.0 928.0 819.0 926.0 822.0 927.0 824.0 925.0 826.0 922.0 826.0 919.0 822.0 917.0 814.0 913.0 810.0 895.0 818.0 889.0 817.0 877.0 786.0 942.0 748.0 944.0 749.0
730.0 748.0 738.0 771.0 738.0 778.0 728.0 782.0 722.0 781.0 715.0 755.0 715.0 751.0 717.0 749.0 723.0 747.0
1002.0 746.0 1038.0 812.0 1039.0 817.0 1032.0 822.0 1032.0 827.0 1056.0 865.0 1056.0 871.0 1048.0 898.0 1044.0 898.0 983.0 783.0 984.0 777.0 990.0 767.0 991.0 762.0 999.0 746.0
747.0 739.0 750.0 742.0 758.0 769.0 756.0 774.0 748.0 777.0 744.0 776.0 736.0 748.0 736.0 743.0 743.0 739.0
913.0 747.0 913.0 752.0 892.0 764.0 876.0 776.0 870.0 774.0 865.0 757.0 866.0 752.0 869.0 749.0 901.0 733.0 905.0 734.0
767.0 734.0 770.0 739.0 776.0 762.0 776.0 767.0 774.0 770.0 766.0 770.0 764.0 768.0 757.0 741.0 757.0 737.0 762.0 733.0
785.0 724.0 794.0 756.0 794.0 761.0 787.0 765.0 782.0 764.0 774.0 735.0 775.0 728.0 782.0 724.0
995.0 728.0 995.0 733.0 974.0 776.0 969.0 778.0 955.0 754.0 952.0 745.0 983.0 721.0 989.0 720.0
919.0 720.0 925.0 728.0 925.0 731.0 921.0 735.0 914.0 735.0 910.0 727.0 911.0 723.0 915.0 720.0
802.0 714.0 804.0 717.0 814.0 754.0 814.0 757.0 800.0 761.0 790.0 724.0 792.0 719.0 800.0 714.0
680.0 714.0 683.0 715.0 685.0 718.0 685.0 728.0 683.0 736.0 676.0 751.0 696.0 764.0 697.0 771.0 702.0 782.0 702.0 786.0 700.0 787.0 695.0 782.0 691.0 772.0 688.0 769.0 682.0 768.0 671.0 762.0 665.0 761.0 659.0 757.0 652.0 763.0 644.0 763.0 640.0 760.0 640.0 754.0 644.0 750.0 646.0 741.0 650.0 738.0 656.0 739.0 659.0 736.0 666.0 720.0 671.0 715.0
1023.0 708.0 1026.0 711.0 1073.0 794.0 1071.0 800.0 1053.0 809.0 1046.0 808.0 1008.0 739.0 1004.0 734.0 1011.0 714.0 1019.0 708.0
736.0 697.0 743.0 714.0 744.0 720.0 737.0 723.0 730.0 722.0 724.0 700.0 726.0 697.0
716.0 695.0 720.0 699.0 722.0 713.0 728.0 739.0 725.0 741.0 717.0 743.0 712.0 742.0 704.0 702.0 704.0 698.0 706.0 696.0
752.0 693.0 756.0 696.0 765.0 723.0 764.0 726.0 759.0 730.0 754.0 730.0 745.0 700.0 745.0 697.0 749.0 693.0
945.0 693.0 956.0 713.0 956.0 716.0 953.0 719.0 949.0 720.0 946.0 716.0 939.0 717.0 934.0 709.0 934.0 706.0 938.0 702.0 935.0 697.0 937.0 693.0
1051.0 689.0 1054.0 692.0 1090.0 756.0 1100.0 771.0 1101.0 781.0 1099.0 793.0 1090.0 800.0 1087.0 800.0 1084.0 797.0 1044.0 726.0 1030.0 704.0 1032.0 700.0 1049.0 689.0
839.0 692.0 851.0 741.0 851.0 746.0 825.0 755.0 821.0 755.0 818.0 751.0 809.0 707.0 835.0 688.0
855.0 676.0 861.0 682.0 888.0 730.0 886.0 736.0 863.0 742.0 859.0 741.0 845.0 685.0 846.0 681.0 849.0 678.0
813.0 686.0 811.0 685.0 812.0 681.0 821.0 676.0 824.0 680.0
1082.0 673.0 1086.0 678.0 1122.0 743.0 1112.0 761.0 1107.0 766.0 1103.0 765.0 1060.0 689.0 1062.0 682.0 1078.0 672.0
1003.0 671.0 1003.0 674.0 1000.0 678.0 986.0 684.0 980.0 676.0 980.0 674.0 983.0 672.0 986.0 676.0 988.0 676.0 996.0 670.0 995.0 665.0 999.0 664.0
1199.0 666.0 1200.0 672.0 1185.0 684.0 1178.0 684.0 1174.0 680.0 1176.0 672.0 1189.0 662.0 1194.0 661.0
790.0 664.0 788.0 666.0 791.0 671.0 791.0 674.0 762.0 682.0 756.0 681.0 758.0 675.0 784.0 668.0 787.0 665.0 784.0 662.0 775.0 666.0 773.0 663.0 773.0 658.0 783.0 658.0 785.0 656.0 789.0 657.0
758.0 656.0 766.0 656.0 766.0 659.0 756.0 661.0 755.0 658.0
924.0 665.0 923.0 669.0 920.0 669.0 916.0 661.0 913.0 659.0 893.0 671.0 890.0 674.0 890.0 676.0 899.0 692.0 907.0 689.0 925.0 678.0 927.0 678.0 929.0 681.0 903.0 697.0 891.0 695.0 886.0 698.0 884.0 694.0 888.0 692.0 891.0 688.0 884.0 675.0 885.0 671.0 911.0 654.0 918.0 654.0
798.0 654.0 799.0 656.0 799.0 665.0 796.0 663.0 795.0 654.0
1116.0 658.0 1146.0 714.0 1146.0 719.0 1132.0 735.0 1127.0 734.0 1090.0 671.0 1092.0 664.0 1111.0 652.0
745.0 645.0 749.0 660.0 748.0 667.0 743.0 670.0 737.0 668.0 733.0 652.0 733.0 647.0 740.0 643.0
837.0 651.0 834.0 654.0 805.0 670.0 803.0 669.0 803.0 666.0 831.0 650.0 831.0 648.0 825.0 642.0 826.0 639.0 828.0 639.0 835.0 646.0
1144.0 640.0 1172.0 689.0 1171.0 696.0 1155.0 709.0 1150.0 706.0 1120.0 651.0 1120.0 649.0 1123.0 646.0 1138.0 637.0
861.0 647.0 861.0 651.0 849.0 657.0 847.0 655.0 847.0 650.0 851.0 645.0 851.0 642.0 849.0 640.0 844.0 641.0 842.0 637.0 850.0 631.0 853.0 631.0
1260.0 635.0 1258.0 639.0 1242.0 648.0 1235.0 646.0 1232.0 640.0 1235.0 638.0 1237.0 634.0 1249.0 628.0 1252.0 625.0 1256.0 625.0 1258.0 627.0
758.0 630.0 763.0 649.0 761.0 652.0 759.0 651.0 753.0 626.0 755.0 625.0
672.0 637.0 674.0 655.0 679.0 664.0 679.0 672.0 674.0 680.0 684.0 683.0 686.0 685.0 685.0 688.0 671.0 688.0 668.0 686.0 667.0 681.0 643.0 684.0 605.0 684.0 599.0 679.0 591.0 656.0 582.0 639.0 582.0 635.0 584.0 633.0 598.0 633.0 621.0 628.0 648.0 626.0 653.0 624.0 665.0 624.0 669.0 627.0
1173.0 622.0 1191.0 651.0 1190.0 656.0 1174.0 668.0 1169.0 668.0 1166.0 665.0 1150.0 636.0 1153.0 632.0 1170.0 621.0
516.0 621.0 521.0 618.0 526.0 618.0 528.0 620.0 531.0 629.0 536.0 633.0 538.0 640.0 546.0 655.0 555.0 680.0 579.0 712.0 580.0 721.0 578.0 724.0 578.0 744.0 583.0 775.0 583.0 791.0 580.0 794.0 570.0 796.0 554.0 796.0 549.0 791.0 543.0 766.0 538.0 763.0 537.0 755.0 533.0 747.0 529.0 729.0 531.0 727.0 536.0 726.0 540.0 722.0 545.0 721.0 546.0 717.0 538.0 703.0 529.0 692.0 521.0 676.0 514.0 667.0 500.0 643.0 500.0 630.0 504.0 625.0 509.0 622.0
965.0 615.0 969.0 616.0 979.0 633.0 979.0 636.0 982.0 639.0 984.0 639.0 991.0 652.0 991.0 655.0 987.0 656.0 981.0 646.0 977.0 645.0 967.0 651.0 970.0 660.0 966.0 661.0 957.0 646.0 953.0 642.0 947.0 630.0 948.0 624.0
1290.0 621.0 1288.0 626.0 1275.0 628.0 1267.0 627.0 1266.0 623.0 1283.0 612.0 1288.0 613.0
1204.0 604.0 1229.0 647.0 1228.0 653.0 1211.0 664.0 1207.0 663.0 1204.0 660.0 1179.0 620.0 1179.0 616.0 1182.0 613.0 1199.0 602.0
846.0 604.0 828.0 621.0 839.0 632.0 837.0 634.0 825.0 624.0 825.0 619.0 845.0 602.0
743.0 603.0 745.0 617.0 744.0 623.0 741.0 621.0 739.0 607.0 740.0 602.0
719.0 601.0 732.0 679.0 726.0 682.0 700.0 682.0 698.0 679.0 698.0 674.0 682.0 604.0 688.0 601.0 716.0 596.0
1326.0 605.0 1326.0 610.0 1323.0 613.0 1304.0 622.0 1300.0 621.0 1293.0 608.0 1315.0 595.0 1320.0 596.0
959.0 599.0 952.0 603.0 949.0 603.0 948.0 599.0 957.0 593.0 960.0 595.0
997.0 594.0 1043.0 672.0 1043.0 675.0 1040.0 679.0 1022.0 689.0 1017.0 687.0 979.0 615.0 972.0 606.0 973.0 603.0 991.0 592.0
739.0 594.0 731.0 596.0 729.0 598.0 734.0 634.0 742.0 634.0 742.0 637.0 733.0 640.0 730.0 637.0 725.0 594.0 728.0 592.0 738.0 591.0
751.0 593.0 757.0 620.0 753.0 620.0 746.0 592.0 748.0 590.0
571.0 591.0 575.0 597.0 576.0 603.0 586.0 624.0 584.0 628.0 580.0 626.0 569.0 599.0 564.0 593.0 566.0 589.0
770.0 586.0 773.0 590.0 779.0 618.0 777.0 622.0 775.0 622.0 758.0 592.0 759.0 589.0 762.0 587.0
1234.0 586.0 1253.0 619.0 1251.0 623.0 1232.0 632.0 1229.0 632.0 1224.0 627.0 1209.0 599.0 1212.0 595.0 1229.0 584.0
654.0 584.0 663.0 591.0 669.0 608.0 669.0 620.0 666.0 620.0 663.0 615.0 663.0 610.0 659.0 596.0 655.0 592.0 647.0 588.0 648.0 584.0
213.0 582.0 211.0 582.0
1313.0 585.0 1313.0 590.0 1298.0 600.0 1291.0 602.0 1287.0 596.0 1289.0 590.0 1305.0 580.0 1309.0 580.0
505.0 603.0 504.0 610.0 488.0 613.0 481.0 618.0 476.0 617.0 474.0 612.0 479.0 607.0 487.0 605.0 495.0 600.0 491.0 588.0 488.0 585.0 482.0 585.0 478.0 587.0 480.0 595.0 476.0 600.0 463.0 603.0 454.0 608.0 447.0 609.0 438.0 615.0 438.0 617.0 443.0 623.0 441.0 627.0 435.0 625.0 430.0 617.0 430.0 612.0 436.0 607.0 472.0 592.0 469.0 587.0 469.0 583.0 471.0 581.0 481.0 578.0 491.0 578.0 495.0 581.0
1268.0 578.0 1270.0 584.0 1283.0 605.0 1282.0 608.0 1278.0 610.0 1274.0 609.0 1261.0 584.0 1261.0 580.0 1265.0 577.0
1358.0 592.0 1357.0 596.0 1333.0 608.0 1324.0 592.0 1326.0 586.0 1341.0 577.0 1349.0 576.0
1027.0 575.0 1031.0 580.0 1073.0 653.0 1072.0 659.0 1052.0 670.0 1049.0 669.0 1037.0 647.0 1031.0 639.0 1003.0 590.0 1003.0 587.0 1023.0 574.0
836.0 577.0 829.0 582.0 832.0 584.0 837.0 584.0 842.0 591.0 842.0 595.0 830.0 602.0 824.0 593.0 824.0 590.0 830.0 583.0 827.0 582.0 821.0 584.0 820.0 581.0 834.0 574.0
808.0 575.0 816.0 604.0 816.0 620.0 813.0 624.0 803.0 625.0 799.0 629.0 794.0 638.0 790.0 638.0 788.0 635.0 785.0 615.0 778.0 588.0 778.0 582.0 781.0 580.0 806.0 574.0
629.0 583.0 628.0 587.0 622.0 586.0 614.0 580.0 602.0 580.0 593.0 582.0 592.0 585.0 594.0 594.0 600.0 607.0 600.0 614.0 599.0 616.0 596.0 616.0 594.0 614.0 594.0 608.0 587.0 591.0 587.0 578.0 592.0 575.0 616.0 574.0
1262.0 568.0 1263.0 571.0 1251.0 580.0 1270.0 612.0 1269.0 616.0 1263.0 620.0 1257.0 617.0 1240.0 585.0 1240.0 581.0 1242.0 578.0 1259.0 567.0
618.0 563.0 623.0 568.0 645.0 577.0 647.0 580.0 643.0 583.0 621.0 574.0 612.0 568.0 612.0 564.0
1278.0 560.0 1291.0 582.0 1289.0 586.0 1283.0 587.0 1270.0 565.0 1272.0 560.0
866.0 558.0 873.0 571.0 873.0 574.0 870.0 576.0 866.0 574.0 860.0 563.0 860.0 560.0 863.0 558.0
854.0 559.0 846.0 564.0 843.0 564.0 843.0 562.0 852.0 556.0 854.0 557.0
1059.0 560.0 1102.0 635.0 1101.0 641.0 1099.0 643.0 1093.0 645.0 1084.0 651.0 1081.0 651.0 1076.0 648.0 1033.0 570.0 1035.0 566.0 1053.0 555.0
1337.0 554.0 1342.0 564.0 1340.0 566.0 1337.0 564.0 1334.0 558.0 1334.0 554.0
466.0 578.0 453.0 578.0 445.0 589.0 441.0 589.0 439.0 587.0 439.0 584.0 446.0 572.0 444.0 570.0 436.0 572.0 430.0 571.0 429.0 575.0 432.0 580.0 431.0 584.0 420.0 589.0 413.0 581.0 410.0 572.0 412.0 569.0 419.0 565.0 422.0 565.0 428.0 569.0 432.0 565.0 443.0 563.0 452.0 552.0 456.0 552.0 458.0 555.0 451.0 566.0 455.0 571.0 467.0 571.0 469.0 574.0
1293.0 551.0 1305.0 572.0 1305.0 575.0 1302.0 579.0 1296.0 577.0 1285.0 557.0 1285.0 554.0 1289.0 550.0
714.0 577.0 715.0 586.0 685.0 594.0 680.0 594.0 672.0 558.0 681.0 554.0 706.0 548.0
1088.0 539.0 1131.0 618.0 1127.0 624.0 1109.0 633.0 1105.0 632.0 1097.0 615.0 1093.0 610.0 1091.0 604.0 1063.0 554.0 1064.0 549.0 1082.0 538.0
746.0 538.0 758.0 560.0 764.0 568.0 765.0 573.0 724.0 585.0 715.0 551.0 715.0 546.0 728.0 544.0 742.0 534.0
882.0 533.0 884.0 535.0 930.0 615.0 929.0 620.0 915.0 629.0 911.0 628.0 900.0 610.0 898.0 615.0 886.0 621.0 883.0 621.0 881.0 617.0 894.0 608.0 898.0 610.0 899.0 606.0 863.0 545.0 864.0 542.0 878.0 534.0
1331.0 543.0 1332.0 548.0 1328.0 552.0 1312.0 561.0 1306.0 560.0 1299.0 548.0 1301.0 542.0 1320.0 532.0 1324.0 533.0
1464.0 527.0 1462.0 527.0
1457.0 527.0 1455.0 527.0
1462.0 527.0 1462.0 523.0
1454.0 525.0 1455.0 524.0 1454.0 522.0 1453.0 523.0
1338.0 524.0 1358.0 560.0 1358.0 563.0 1354.0 566.0 1350.0 566.0 1348.0 564.0 1329.0 530.0 1330.0 527.0 1335.0 523.0
1078.0 531.0 1071.0 538.0 1063.0 543.0 1057.0 542.0 1053.0 537.0 1071.0 523.0 1076.0 524.0 1078.0 526.0
572.0 535.0 568.0 535.0 564.0 531.0 545.0 540.0 539.0 538.0 539.0 535.0 541.0 533.0 544.0 533.0 564.0 523.0 569.0 524.0 573.0 530.0
1425.0 522.0 1440.0 546.0 1441.0 550.0 1439.0 552.0 1436.0 550.0 1421.0 526.0 1422.0 522.0
1460.0 523.0 1461.0 522.0 1460.0 520.0 1459.0 521.0
1117.0 522.0 1159.0 599.0 1159.0 604.0 1157.0 607.0 1140.0 616.0 1134.0 615.0 1092.0 536.0 1094.0 531.0 1110.0 521.0
637.0 524.0 622.0 529.0 626.0 530.0 645.0 526.0 647.0 528.0 647.0 533.0 634.0 539.0 647.0 539.0 648.0 544.0 642.0 548.0 625.0 551.0 623.0 549.0 623.0 546.0 627.0 542.0 634.0 540.0 627.0 539.0 615.0 541.0 613.0 538.0 613.0 533.0 623.0 530.0 618.0 526.0 618.0 522.0 620.0 520.0 636.0 517.0
760.0 518.0 766.0 516.0 794.0 563.0 793.0 567.0 772.0 573.0 747.0 533.0 746.0 529.0 748.0 526.0
1354.0 517.0 1374.0 552.0 1373.0 556.0 1368.0 559.0 1363.0 558.0 1344.0 525.0 1345.0 518.0 1350.0 515.0
738.0 528.0 713.0 542.0 701.0 544.0 698.0 546.0 686.0 548.0 675.0 552.0 670.0 551.0 666.0 532.0 687.0 526.0 692.0 526.0 725.0 510.0 728.0 510.0 738.0 524.0
489.0 509.0 493.0 515.0 496.0 526.0 493.0 528.0 489.0 525.0 485.0 517.0 485.0 509.0
1148.0 504.0 1192.0 583.0 1192.0 586.0 1189.0 590.0 1171.0 599.0 1167.0 598.0 1123.0 516.0 1124.0 513.0 1144.0 502.0
1503.0 508.0 1504.0 513.0 1490.0 523.0 1486.0 523.0 1481.0 519.0 1477.0 513.0 1476.0 508.0 1492.0 497.0 1496.0 498.0
1354.0 497.0 1357.0 500.0 1390.0 556.0 1393.0 555.0 1393.0 551.0 1390.0 547.0 1391.0 543.0 1394.0 543.0 1397.0 549.0 1401.0 551.0 1415.0 542.0 1412.0 533.0 1397.0 506.0 1399.0 502.0 1401.0 502.0 1404.0 505.0 1430.0 554.0 1428.0 560.0 1400.0 575.0 1394.0 576.0 1356.0 512.0 1350.0 499.0
976.0 500.0 989.0 524.0 988.0 529.0 917.0 572.0 912.0 571.0 892.0 536.0 892.0 529.0 922.0 511.0 929.0 513.0 932.0 517.0 935.0 517.0 970.0 497.0 973.0 497.0
762.0 511.0 744.0 523.0 734.0 508.0 734.0 505.0 752.0 495.0
638.0 500.0 634.0 503.0 627.0 500.0 612.0 506.0 610.0 508.0 610.0 516.0 605.0 516.0 603.0 514.0 599.0 505.0 602.0 500.0 626.0 491.0 634.0 492.0 637.0 495.0
420.0 496.0 418.0 498.0 407.0 503.0 402.0 501.0 401.0 498.0 404.0 494.0 415.0 489.0 420.0 491.0
1175.0 486.0 1179.0 489.0 1221.0 565.0 1221.0 569.0 1219.0 572.0 1201.0 581.0 1196.0 581.0 1194.0 579.0 1152.0 502.0 1152.0 498.0 1171.0 486.0
1369.0 484.0 1367.0 484.0
688.0 521.0 666.0 527.0 664.0 523.0 658.0 494.0 676.0 484.0
1374.0 482.0 1370.0 482.0
537.0 485.0 529.0 492.0 525.0 492.0 523.0 490.0 524.0 486.0 534.0 479.0 537.0 481.0
722.0 505.0 700.0 518.0 695.0 519.0 682.0 481.0 701.0 471.0
553.0 485.0 558.0 505.0 555.0 509.0 544.0 516.0 539.0 517.0 528.0 523.0 524.0 523.0 519.0 516.0 508.0 489.0 511.0 486.0 515.0 488.0 527.0 514.0 537.0 511.0 550.0 503.0 546.0 487.0 541.0 477.0 541.0 473.0 543.0 471.0 546.0 471.0
1207.0 470.0 1211.0 475.0 1251.0 545.0 1249.0 552.0 1231.0 561.0 1224.0 560.0 1184.0 482.0 1185.0 479.0 1203.0 469.0
1418.0 467.0 1422.0 469.0 1440.0 498.0 1442.0 505.0 1436.0 506.0 1426.0 490.0 1417.0 495.0 1414.0 495.0 1415.0 491.0 1424.0 486.0 1420.0 477.0 1416.0 473.0 1404.0 480.0 1401.0 480.0 1400.0 478.0
1529.0 469.0 1531.0 476.0 1515.0 505.0 1511.0 506.0 1500.0 494.0 1505.0 479.0 1523.0 466.0
998.0 465.0 1001.0 468.0 1049.0 546.0 1048.0 550.0 1027.0 562.0 1025.0 562.0 1021.0 558.0 977.0 481.0 978.0 476.0 995.0 465.0
27.0 464.0 25.0 464.0
1433.0 462.0 1473.0 531.0 1472.0 535.0 1469.0 535.0 1464.0 527.0 1463.0 530.0 1465.0 533.0 1460.0 536.0 1459.0 540.0 1456.0 543.0 1447.0 547.0 1443.0 546.0 1435.0 532.0 1442.0 525.0 1452.0 522.0 1454.0 519.0 1458.0 519.0 1459.0 517.0 1429.0 464.0 1431.0 462.0
401.0 465.0 399.0 467.0 387.0 469.0 385.0 467.0 385.0 464.0 387.0 462.0 395.0 460.0 401.0 461.0
1016.0 459.0 1056.0 522.0 1057.0 526.0 1051.0 530.0 1047.0 529.0 1010.0 467.0 1009.0 463.0 1012.0 460.0
1496.0 467.0 1495.0 484.0 1490.0 489.0 1483.0 489.0 1479.0 487.0 1471.0 492.0 1468.0 492.0 1458.0 476.0 1458.0 472.0 1480.0 457.0 1487.0 457.0
730.0 458.0 742.0 480.0 748.0 488.0 747.0 491.0 729.0 501.0 726.0 500.0 707.0 469.0 708.0 466.0 726.0 456.0
631.0 474.0 628.0 479.0 594.0 493.0 589.0 492.0 586.0 489.0 579.0 473.0 582.0 469.0 586.0 469.0 594.0 484.0 604.0 479.0 617.0 475.0 621.0 472.0 621.0 469.0 617.0 465.0 607.0 461.0 605.0 457.0 607.0 454.0 610.0 453.0 622.0 458.0 628.0 464.0
586.0 453.0 592.0 457.0 592.0 460.0 590.0 462.0 579.0 461.0 575.0 458.0 575.0 454.0
1238.0 453.0 1281.0 530.0 1281.0 533.0 1278.0 536.0 1261.0 545.0 1257.0 544.0 1254.0 541.0 1213.0 466.0 1214.0 462.0 1234.0 451.0
1523.0 457.0 1522.0 459.0 1510.0 465.0 1506.0 460.0 1507.0 456.0 1516.0 450.0 1519.0 450.0
5.0 450.0 3.0 450.0
1032.0 449.0 1035.0 453.0 1072.0 515.0 1071.0 517.0 1062.0 521.0 1059.0 519.0 1022.0 458.0 1023.0 455.0 1029.0 449.0
1336.0 444.0 1339.0 447.0 1342.0 454.0 1342.0 459.0 1337.0 463.0 1330.0 462.0 1325.0 453.0 1325.0 449.0 1331.0 444.0
1465.0 450.0 1464.0 455.0 1455.0 461.0 1448.0 461.0 1444.0 454.0 1444.0 451.0 1449.0 446.0 1457.0 442.0 1460.0 443.0
722.0 452.0 658.0 487.0 656.0 485.0 655.0 474.0 716.0 442.0 719.0 442.0 724.0 449.0
481.0 441.0 487.0 456.0 487.0 465.0 483.0 465.0 481.0 463.0 479.0 455.0 475.0 448.0 475.0 441.0 478.0 439.0
88.0 438.0 102.0 443.0 100.0 455.0 97.0 456.0 77.0 450.0 76.0 445.0 79.0 437.0
1267.0 436.0 1311.0 515.0 1293.0 527.0 1286.0 525.0 1244.0 449.0 1245.0 445.0 1261.0 435.0
1060.0 431.0 1110.0 513.0 1108.0 517.0 1092.0 528.0 1084.0 527.0 1040.0 446.0 1041.0 440.0 1056.0 431.0
735.0 436.0 732.0 435.0 734.0 432.0 742.0 427.0 745.0 429.0
1285.0 427.0 1327.0 503.0 1327.0 505.0 1321.0 510.0 1318.0 510.0 1314.0 505.0 1275.0 433.0 1282.0 426.0
1298.0 419.0 1341.0 494.0 1339.0 498.0 1335.0 500.0 1331.0 499.0 1289.0 425.0 1290.0 421.0 1293.0 418.0
1469.0 417.0 1506.0 431.0 1509.0 433.0 1509.0 440.0 1493.0 451.0 1481.0 451.0 1477.0 449.0 1471.0 449.0 1463.0 436.0 1465.0 419.0
1390.0 418.0 1394.0 422.0 1414.0 457.0 1414.0 459.0 1409.0 463.0 1374.0 480.0 1378.0 481.0 1379.0 484.0 1370.0 488.0 1367.0 491.0 1370.0 497.0 1372.0 498.0 1384.0 492.0 1388.0 487.0 1392.0 489.0 1394.0 494.0 1387.0 494.0 1376.0 500.0 1372.0 506.0 1370.0 505.0 1363.0 493.0 1365.0 490.0 1364.0 485.0 1352.0 491.0 1346.0 488.0 1338.0 472.0 1338.0 467.0 1347.0 460.0 1347.0 458.0 1333.0 431.0 1338.0 425.0 1362.0 415.0
691.0 430.0 671.0 439.0 668.0 439.0 665.0 431.0 664.0 419.0 682.0 414.0 684.0 415.0
1095.0 414.0 1140.0 495.0 1138.0 500.0 1120.0 510.0 1113.0 508.0 1069.0 429.0 1069.0 426.0 1074.0 421.0 1088.0 413.0
486.0 419.0 491.0 423.0 489.0 433.0 487.0 435.0 483.0 435.0 481.0 433.0 480.0 427.0 464.0 423.0 462.0 425.0 461.0 445.0 473.0 470.0 481.0 491.0 485.0 497.0 497.0 491.0 492.0 481.0 493.0 479.0 498.0 477.0 502.0 482.0 503.0 474.0 505.0 472.0 526.0 462.0 530.0 463.0 531.0 470.0 528.0 473.0 518.0 478.0 512.0 479.0 508.0 482.0 502.0 482.0 506.0 491.0 502.0 499.0 506.0 501.0 513.0 515.0 511.0 520.0 505.0 519.0 499.0 508.0 499.0 505.0 502.0 500.0 501.0 499.0 486.0 507.0 479.0 505.0 453.0 447.0 453.0 420.0 460.0 413.0
1408.0 411.0 1456.0 415.0 1459.0 419.0 1459.0 424.0 1454.0 434.0 1426.0 448.0 1420.0 448.0 1405.0 416.0
1390.0 408.0 1391.0 411.0 1387.0 413.0 1374.0 411.0 1373.0 406.0
1310.0 406.0 1316.0 408.0 1330.0 435.0 1330.0 439.0 1327.0 442.0 1318.0 442.0 1305.0 416.0 1307.0 407.0
701.0 408.0 701.0 412.0 696.0 415.0 693.0 415.0 689.0 408.0 696.0 402.0
426.0 407.0 429.0 414.0 429.0 438.0 426.0 450.0 434.0 464.0 432.0 468.0 438.0 468.0 447.0 480.0 449.0 488.0 457.0 504.0 467.0 520.0 469.0 528.0 462.0 535.0 456.0 536.0 436.0 547.0 417.0 555.0 404.0 557.0 401.0 555.0 393.0 535.0 379.0 508.0 379.0 502.0 381.0 500.0 391.0 497.0 395.0 501.0 394.0 505.0 389.0 507.0 389.0 510.0 395.0 518.0 399.0 530.0 406.0 543.0 409.0 543.0 442.0 529.0 457.0 521.0 437.0 482.0 433.0 480.0 431.0 482.0 439.0 500.0 439.0 502.0 436.0 505.0 431.0 504.0 423.0 485.0 421.0 476.0 433.0 469.0 428.0 469.0 425.0 466.0 418.0 453.0 419.0 437.0 421.0 433.0 420.0 413.0 418.0 411.0 415.0 412.0 413.0 417.0 412.0 428.0 410.0 431.0 406.0 431.0 403.0 428.0 408.0 404.0 416.0 401.0
192.0 403.0 189.0 420.0 187.0 423.0 176.0 418.0 176.0 414.0 182.0 401.0
755.0 397.0 764.0 410.0 762.0 416.0 758.0 416.0 755.0 412.0 752.0 415.0 757.0 422.0 757.0 425.0 754.0 428.0 752.0 428.0 748.0 424.0 743.0 415.0 752.0 397.0
646.0 397.0 655.0 406.0 653.0 410.0 653.0 418.0 655.0 421.0 659.0 443.0 661.0 446.0 670.0 445.0 698.0 433.0 700.0 427.0 696.0 420.0 701.0 415.0 704.0 415.0 707.0 418.0 713.0 429.0 713.0 433.0 710.0 436.0 656.0 462.0 650.0 462.0 645.0 432.0 643.0 428.0 643.0 422.0 641.0 418.0 641.0 406.0 643.0 400.0
1122.0 395.0 1124.0 397.0 1169.0 475.0 1169.0 479.0 1149.0 491.0 1145.0 490.0 1142.0 487.0 1099.0 410.0 1104.0 402.0 1116.0 395.0
392.0 398.0 395.0 400.0 396.0 403.0 394.0 406.0 372.0 404.0 365.0 407.0 362.0 411.0 361.0 427.0 377.0 475.0 379.0 476.0 388.0 472.0 391.0 476.0 390.0 480.0 374.0 486.0 372.0 485.0 365.0 470.0 359.0 445.0 353.0 429.0 352.0 421.0 355.0 405.0 360.0 400.0 366.0 397.0 377.0 395.0
1361.0 407.0 1359.0 409.0 1332.0 423.0 1329.0 423.0 1318.0 405.0 1319.0 402.0 1336.0 393.0 1343.0 393.0 1358.0 400.0 1361.0 403.0
880.0 395.0 873.0 396.0 873.0 394.0 876.0 392.0 880.0 393.0
741.0 399.0 739.0 402.0 736.0 400.0 733.0 394.0 734.0 390.0
693.0 398.0 693.0 400.0 689.0 403.0 685.0 401.0 683.0 397.0 685.0 390.0
719.0 389.0 738.0 421.0 737.0 425.0 728.0 431.0 723.0 430.0 709.0 405.0 708.0 396.0 714.0 389.0
605.0 392.0 603.0 408.0 599.0 415.0 595.0 415.0 593.0 413.0 593.0 408.0 596.0 395.0 600.0 389.0 602.0 389.0
627.0 394.0 628.0 403.0 621.0 422.0 620.0 430.0 615.0 437.0 613.0 437.0 609.0 434.0 619.0 404.0 619.0 400.0 615.0 394.0 615.0 391.0 621.0 388.0
675.0 383.0 681.0 386.0 681.0 396.0 679.0 400.0 664.0 405.0 658.0 405.0 653.0 398.0 656.0 398.0 658.0 396.0 660.0 380.0
947.0 379.0 950.0 382.0 994.0 456.0 993.0 461.0 947.0 486.0 941.0 485.0 898.0 404.0 899.0 397.0 943.0 379.0
567.0 382.0 567.0 388.0 562.0 404.0 558.0 405.0 555.0 400.0 555.0 397.0 559.0 386.0 559.0 380.0 563.0 378.0
1153.0 376.0 1155.0 378.0 1200.0 459.0 1198.0 465.0 1180.0 474.0 1173.0 470.0 1130.0 393.0 1130.0 389.0 1133.0 385.0 1150.0 376.0
1304.0 372.0 1325.0 384.0 1326.0 389.0 1316.0 396.0 1312.0 395.0 1301.0 377.0 1302.0 373.0
612.0 381.0 609.0 385.0 595.0 381.0 590.0 381.0 585.0 392.0 579.0 417.0 575.0 417.0 571.0 413.0 573.0 403.0 577.0 394.0 577.0 390.0 582.0 375.0 589.0 372.0 611.0 377.0
529.0 372.0 529.0 380.0 527.0 388.0 524.0 393.0 521.0 393.0 518.0 390.0 521.0 372.0 523.0 370.0 527.0 370.0
199.0 370.0 201.0 372.0 201.0 376.0 199.0 378.0 192.0 376.0 192.0 371.0 194.0 369.0
986.0 364.0 1027.0 438.0 1027.0 442.0 1025.0 444.0 1006.0 454.0 1001.0 452.0 962.0 379.0 962.0 374.0 965.0 371.0 982.0 363.0
1291.0 368.0 1307.0 394.0 1304.0 400.0 1299.0 403.0 1295.0 401.0 1273.0 367.0 1273.0 365.0 1276.0 362.0
779.0 371.0 777.0 373.0 767.0 378.0 752.0 373.0 749.0 370.0 752.0 364.0 764.0 368.0 774.0 361.0 779.0 366.0
580.0 361.0 584.0 361.0 588.0 363.0 589.0 366.0 586.0 369.0 583.0 369.0 579.0 367.0 578.0 363.0
490.0 360.0 490.0 376.0 487.0 379.0 482.0 376.0 483.0 359.0
1185.0 359.0 1187.0 361.0 1230.0 442.0 1227.0 448.0 1211.0 456.0 1208.0 456.0 1204.0 453.0 1159.0 373.0 1160.0 370.0 1180.0 358.0
1055.0 357.0 1061.0 359.0 1085.0 402.0 1085.0 407.0 1069.0 417.0 1063.0 416.0 1032.0 365.0 1033.0 360.0
1012.0 356.0 1020.0 358.0 1052.0 414.0 1055.0 417.0 1056.0 421.0 1053.0 425.0 1037.0 433.0 1033.0 433.0 1030.0 430.0 991.0 365.0 993.0 359.0
937.0 377.0 930.0 378.0 929.0 380.0 919.0 380.0 909.0 375.0 909.0 373.0 905.0 372.0 902.0 368.0 885.0 359.0 881.0 359.0 865.0 367.0 860.0 368.0 859.0 370.0 840.0 379.0 832.0 386.0 802.0 406.0 788.0 410.0 770.0 409.0 766.0 407.0 761.0 400.0 750.0 390.0 736.0 386.0 728.0 382.0 730.0 376.0 732.0 378.0 734.0 377.0 735.0 379.0 753.0 384.0 764.0 393.0 764.0 395.0 771.0 402.0 776.0 404.0 791.0 403.0 799.0 400.0 830.0 379.0 832.0 376.0 871.0 356.0 882.0 353.0 892.0 353.0 897.0 355.0 913.0 370.0 919.0 373.0 921.0 372.0 918.0 367.0 920.0 364.0 931.0 365.0 934.0 363.0 937.0 363.0 939.0 367.0 938.0 369.0 928.0 372.0 928.0 374.0 935.0 373.0 944.0 368.0 947.0 372.0
653.0 352.0 656.0 354.0 676.0 356.0 678.0 358.0 691.0 360.0 714.0 369.0 726.0 376.0 724.0 381.0 722.0 381.0 705.0 372.0 695.0 368.0 684.0 366.0 683.0 364.0 680.0 365.0 679.0 363.0 668.0 361.0 650.0 361.0 651.0 355.0
538.0 361.0 536.0 365.0 529.0 365.0 518.0 361.0 515.0 361.0 513.0 363.0 513.0 370.0 508.0 397.0 506.0 400.0 503.0 401.0 500.0 398.0 500.0 391.0 505.0 368.0 505.0 359.0 507.0 355.0 511.0 352.0 516.0 352.0 535.0 357.0
552.0 354.0 550.0 358.0 552.0 360.0 575.0 368.0 577.0 374.0 575.0 376.0 571.0 376.0 554.0 369.0 551.0 370.0 543.0 393.0 543.0 400.0 539.0 407.0 536.0 407.0 532.0 405.0 533.0 398.0 543.0 364.0 549.0 359.0 541.0 355.0 540.0 351.0 542.0 349.0 547.0 349.0
978.0 355.0 962.0 362.0 952.0 370.0 949.0 364.0 971.0 346.0 976.0 352.0 979.0 352.0
777.0 345.0 785.0 348.0 797.0 346.0 805.0 355.0 805.0 360.0 779.0 361.0 773.0 353.0 772.0 348.0
1215.0 347.0 1260.0 425.0 1258.0 431.0 1241.0 440.0 1237.0 439.0 1234.0 436.0 1189.0 355.0 1190.0 352.0 1209.0 342.0
1225.0 337.0 1228.0 337.0 1255.0 349.0 1259.0 353.0 1290.0 406.0 1289.0 411.0 1273.0 421.0 1268.0 421.0 1223.0 347.0 1221.0 340.0
1087.0 337.0 1085.0 337.0
501.0 353.0 498.0 355.0 489.0 351.0 475.0 348.0 471.0 356.0 465.0 388.0 460.0 390.0 457.0 387.0 465.0 345.0 472.0 337.0 501.0 347.0
506.0 333.0 511.0 337.0 510.0 342.0 507.0 342.0 501.0 338.0 502.0 333.0
828.0 346.0 809.0 346.0 803.0 344.0 798.0 337.0 803.0 332.0 822.0 331.0 831.0 341.0 831.0 344.0
1215.0 325.0 1220.0 330.0 1213.0 331.0 1211.0 325.0
1121.0 318.0 1147.0 369.0 1145.0 373.0 1128.0 383.0 1123.0 382.0 1105.0 345.0 1096.0 330.0 1098.0 327.0 1115.0 315.0
1114.0 391.0 1098.0 399.0 1092.0 398.0 1072.0 356.0 1069.0 353.0 1070.0 350.0 1086.0 339.0 1085.0 337.0 1083.0 337.0 1067.0 349.0 1051.0 355.0 1031.0 355.0 1022.0 350.0 1014.0 343.0 1007.0 340.0 988.0 341.0 980.0 347.0 977.0 342.0 978.0 340.0 990.0 334.0 1001.0 334.0 1033.0 350.0 1043.0 351.0 1059.0 348.0 1079.0 336.0 1089.0 323.0 1102.0 313.0 1104.0 315.0 1092.0 326.0 1086.0 336.0 1092.0 338.0 1117.0 387.0
1166.0 309.0 1171.0 309.0 1199.0 322.0 1207.0 331.0 1206.0 336.0 1191.0 345.0 1183.0 348.0 1169.0 325.0 1163.0 312.0
1151.0 310.0 1155.0 314.0 1177.0 352.0 1175.0 356.0 1157.0 366.0 1151.0 363.0 1126.0 315.0 1128.0 308.0
852.0 300.0 862.0 322.0 861.0 324.0 858.0 323.0 848.0 302.0 849.0 300.0
475.0 300.0 479.0 300.0 520.0 312.0 524.0 315.0 540.0 320.0 545.0 320.0 550.0 323.0 589.0 334.0 604.0 337.0 606.0 339.0 607.0 338.0 608.0 340.0 636.0 347.0 644.0 350.0 644.0 353.0 642.0 358.0 639.0 358.0 600.0 347.0 596.0 344.0 533.0 327.0 528.0 324.0 526.0 325.0 520.0 321.0 518.0 322.0 474.0 309.0 472.0 307.0
902.0 304.0 906.0 306.0 906.0 308.0 903.0 312.0 901.0 312.0 860.0 302.0 860.0 296.0
361.0 286.0 378.0 291.0 375.0 300.0 358.0 295.0
827.0 286.0 830.0 291.0 832.0 300.0 828.0 306.0 820.0 311.0 816.0 311.0 791.0 326.0 781.0 330.0 765.0 341.0 754.0 345.0 737.0 355.0 717.0 356.0 708.0 353.0 694.0 352.0 683.0 347.0 676.0 346.0 672.0 340.0 662.0 337.0 660.0 334.0 660.0 321.0 667.0 303.0 672.0 303.0 727.0 319.0 733.0 319.0 789.0 287.0 807.0 275.0 812.0 275.0 819.0 279.0 825.0 279.0 828.0 282.0
693.0 275.0 693.0 300.0 671.0 295.0 669.0 293.0 673.0 278.0 677.0 271.0
733.0 276.0 737.0 307.0 729.0 311.0 704.0 304.0 702.0 302.0 702.0 277.0 704.0 275.0 709.0 275.0 717.0 271.0 730.0 268.0
946.0 267.0 972.0 265.0 983.0 285.0 993.0 282.0 996.0 285.0 1018.0 321.0 1019.0 325.0 1013.0 327.0 1003.0 327.0 996.0 330.0 968.0 335.0 966.0 333.0 943.0 276.0 942.0 270.0
557.0 266.0 557.0 269.0 554.0 272.0 548.0 268.0 550.0 262.0
853.0 267.0 856.0 289.0 846.0 294.0 843.0 294.0 830.0 268.0 849.0 259.0
643.0 270.0 641.0 272.0 628.0 271.0 624.0 269.0 621.0 270.0 614.0 303.0 611.0 306.0 607.0 305.0 606.0 299.0 609.0 287.0 609.0 279.0 613.0 270.0 614.0 263.0 622.0 259.0 641.0 264.0
1042.0 257.0 1050.0 267.0 1074.0 319.0 1075.0 328.0 1049.0 344.0 1040.0 344.0 1034.0 339.0 1006.0 283.0 999.0 274.0 988.0 274.0 982.0 265.0 984.0 262.0
803.0 269.0 783.0 281.0 746.0 302.0 745.0 301.0 739.0 267.0 740.0 265.0 768.0 257.0 777.0 256.0 803.0 267.0
513.0 255.0 515.0 257.0 513.0 264.0 507.0 262.0 509.0 255.0
442.0 268.0 437.0 287.0 440.0 289.0 467.0 296.0 465.0 306.0 452.0 301.0 435.0 297.0 428.0 316.0 380.0 302.0 383.0 293.0 398.0 296.0 400.0 292.0 406.0 268.0 392.0 263.0 395.0 254.0
876.0 254.0 874.0 256.0 874.0 273.0 861.0 271.0 861.0 252.0 862.0 253.0 911.0 251.0
603.0 257.0 600.0 261.0 593.0 261.0 585.0 257.0 582.0 259.0 576.0 291.0 573.0 294.0 570.0 293.0 568.0 290.0 568.0 284.0 575.0 252.0 580.0 247.0 584.0 247.0 602.0 253.0
373.0 247.0 389.0 252.0 386.0 261.0 369.0 256.0 371.0 248.0
1094.0 240.0 1098.0 243.0 1130.0 289.0 1130.0 291.0 1105.0 302.0 1086.0 314.0 1083.0 310.0 1060.0 258.0 1060.0 256.0 1078.0 240.0 1085.0 238.0
568.0 248.0 566.0 251.0 552.0 249.0 548.0 247.0 544.0 249.0 538.0 278.0 534.0 282.0 531.0 282.0 529.0 280.0 529.0 276.0 531.0 273.0 538.0 238.0 547.0 237.0 552.0 240.0 567.0 243.0
430.0 234.0 425.0 234.0
425.0 233.0 423.0 233.0
618.0 235.0 618.0 249.0 600.0 246.0 599.0 242.0 602.0 238.0 601.0 235.0 604.0 231.0
414.0 230.0 411.0 230.0
810.0 251.0 804.0 259.0 781.0 249.0 778.0 246.0 729.0 260.0 727.0 258.0 726.0 243.0 787.0 229.0 800.0 228.0 802.0 230.0 810.0 245.0
506.0 226.0 511.0 226.0 521.0 231.0 530.0 232.0 533.0 236.0 530.0 241.0 524.0 241.0 514.0 237.0 510.0 237.0 508.0 239.0 499.0 274.0 497.0 277.0 497.0 281.0 499.0 283.0 505.0 283.0 519.0 287.0 522.0 284.0 528.0 284.0 536.0 288.0 535.0 292.0 539.0 295.0 556.0 300.0 562.0 295.0 569.0 296.0 574.0 299.0 574.0 304.0 576.0 306.0 593.0 309.0 596.0 311.0 600.0 307.0 618.0 311.0 618.0 316.0 622.0 319.0 640.0 323.0 642.0 325.0 641.0 330.0 635.0 331.0 624.0 327.0 604.0 323.0 595.0 319.0 489.0 290.0 488.0 280.0 493.0 265.0 492.0 262.0 496.0 244.0 502.0 229.0
929.0 241.0 922.0 241.0 917.0 243.0 888.0 243.0 883.0 245.0 854.0 245.0 851.0 239.0 852.0 227.0 889.0 225.0 892.0 223.0 929.0 224.0
1001.0 237.0 938.0 240.0 937.0 224.0 938.0 222.0 985.0 220.0 997.0 227.0 1003.0 233.0
795.0 218.0 793.0 220.0 739.0 231.0 735.0 233.0 724.0 233.0 722.0 211.0 724.0 209.0 741.0 209.0 768.0 213.0 783.0 206.0 791.0 206.0 795.0 209.0 796.0 212.0
714.0 211.0 719.0 262.0 704.0 267.0 695.0 267.0 680.0 263.0 681.0 254.0 684.0 248.0 685.0 236.0 689.0 230.0 691.0 214.0 697.0 207.0 705.0 206.0
420.0 206.0 474.0 222.0 477.0 225.0 472.0 241.0 470.0 243.0 462.0 244.0 466.0 247.0 468.0 254.0 465.0 263.0 462.0 267.0 451.0 265.0 420.0 255.0 403.0 252.0 399.0 249.0 399.0 245.0 402.0 238.0 402.0 232.0 412.0 229.0 407.0 224.0 407.0 219.0 412.0 207.0
904.0 216.0 906.0 213.0 940.0 194.0 967.0 209.0 970.0 212.0
843.0 188.0 849.0 242.0 830.0 253.0 821.0 254.0 817.0 248.0 806.0 213.0 801.0 205.0 795.0 200.0 795.0 198.0 804.0 191.0 822.0 185.0 833.0 179.0 837.0 179.0
425.0 181.0 427.0 179.0 430.0 179.0 468.0 192.0 470.0 194.0 470.0 199.0 474.0 196.0 478.0 196.0 487.0 202.0 487.0 207.0 480.0 215.0 474.0 215.0 469.0 212.0 467.0 206.0 463.0 211.0 459.0 210.0 457.0 208.0 458.0 200.0 454.0 197.0 435.0 191.0 431.0 191.0 427.0 199.0 422.0 200.0 420.0 198.0 420.0 195.0
824.0 179.0 808.0 187.0 803.0 187.0 801.0 185.0 803.0 181.0 819.0 173.0 825.0 174.0
665.0 175.0 669.0 180.0 669.0 183.0 667.0 186.0 663.0 202.0 657.0 203.0 655.0 199.0 659.0 188.0 659.0 183.0 656.0 181.0 641.0 179.0 639.0 189.0 633.0 204.0 633.0 207.0 636.0 209.0 652.0 211.0 658.0 215.0 661.0 215.0 668.0 210.0 672.0 211.0 675.0 205.0 675.0 197.0 677.0 192.0 672.0 189.0 671.0 184.0 673.0 182.0 682.0 182.0 685.0 184.0 687.0 188.0 687.0 194.0 681.0 218.0 675.0 222.0 670.0 221.0 668.0 223.0 665.0 238.0 663.0 241.0 658.0 241.0 657.0 239.0 657.0 220.0 653.0 221.0 649.0 219.0 627.0 215.0 623.0 209.0 633.0 174.0 639.0 170.0
576.0 177.0 574.0 179.0 566.0 177.0 540.0 187.0 535.0 191.0 534.0 205.0 542.0 209.0 550.0 211.0 552.0 210.0 553.0 206.0 551.0 204.0 551.0 199.0 553.0 197.0 558.0 197.0 563.0 202.0 563.0 211.0 560.0 218.0 554.0 221.0 536.0 215.0 528.0 216.0 525.0 214.0 523.0 203.0 527.0 188.0 532.0 181.0 564.0 169.0 572.0 169.0 576.0 172.0
907.0 173.0 932.0 189.0 897.0 209.0 895.0 200.0 894.0 167.0
1055.0 166.0 1053.0 166.0
888.0 216.0 865.0 219.0 850.0 219.0 844.0 165.0 853.0 163.0 886.0 162.0
624.0 169.0 620.0 173.0 605.0 171.0 594.0 176.0 591.0 180.0 586.0 206.0 597.0 208.0 599.0 211.0 597.0 216.0 579.0 215.0 577.0 212.0 576.0 205.0 578.0 202.0 581.0 183.0 585.0 172.0 593.0 166.0 605.0 162.0 616.0 162.0 622.0 165.0
756.0 160.0 760.0 163.0 761.0 167.0 757.0 176.0 753.0 177.0 743.0 173.0 743.0 166.0 747.0 159.0
497.0 172.0 495.0 175.0 495.0 185.0 493.0 188.0 472.0 185.0 455.0 179.0 443.0 177.0 441.0 175.0 440.0 168.0 442.0 165.0 450.0 165.0 486.0 174.0 488.0 170.0 482.0 167.0 481.0 158.0 485.0 156.0 499.0 160.0
926.0 140.0 932.0 142.0 996.0 174.0 1070.0 224.0 1069.0 228.0 1054.0 250.0 1049.0 251.0 913.0 168.0 911.0 164.0 914.0 161.0 924.0 141.0
816.0 155.0 817.0 161.0 801.0 169.0 792.0 170.0 786.0 157.0 789.0 149.0 792.0 149.0 796.0 159.0 799.0 162.0 806.0 159.0 809.0 156.0 801.0 140.0 785.0 148.0 782.0 146.0 782.0 142.0 798.0 133.0 806.0 132.0
523.0 132.0 528.0 137.0 527.0 149.0 520.0 149.0 518.0 141.0 512.0 141.0 509.0 153.0 505.0 156.0 500.0 153.0 501.0 145.0 507.0 130.0
473.0 128.0 479.0 132.0 478.0 154.0 475.0 159.0 472.0 159.0 470.0 157.0 471.0 138.0 463.0 136.0 461.0 134.0 461.0 131.0 463.0 129.0
726.0 124.0 724.0 125.0
771.0 119.0 783.0 121.0 786.0 124.0 791.0 123.0 793.0 124.0 791.0 132.0 785.0 132.0 784.0 126.0 782.0 128.0 775.0 128.0 773.0 131.0 769.0 131.0 767.0 129.0 768.0 121.0
550.0 119.0 566.0 122.0 568.0 132.0 565.0 139.0 562.0 140.0 557.0 137.0 557.0 130.0 551.0 130.0 547.0 143.0 545.0 145.0 540.0 145.0 539.0 138.0 544.0 120.0
683.0 132.0 679.0 140.0 678.0 152.0 674.0 158.0 667.0 158.0 656.0 155.0 646.0 155.0 638.0 153.0 635.0 150.0 637.0 136.0 640.0 133.0 647.0 134.0 648.0 138.0 646.0 144.0 648.0 146.0 668.0 148.0 677.0 118.0 680.0 117.0 685.0 120.0
592.0 113.0 604.0 119.0 607.0 122.0 604.0 131.0 599.0 132.0 597.0 130.0 597.0 125.0 590.0 121.0 588.0 123.0 585.0 133.0 580.0 134.0 578.0 132.0 578.0 129.0 583.0 114.0
665.0 104.0 664.0 118.0 660.0 120.0 657.0 118.0 657.0 104.0 661.0 102.0
542.0 101.0 538.0 105.0 526.0 106.0 523.0 104.0 523.0 100.0 525.0 98.0 533.0 97.0 537.0 91.0 540.0 91.0 542.0 93.0
646.0 87.0 646.0 92.0 643.0 104.0 639.0 105.0 637.0 103.0 637.0 90.0 640.0 84.0 643.0 83.0
500.0 89.0 496.0 92.0 480.0 93.0 469.0 97.0 466.0 100.0 478.0 102.0 483.0 106.0 500.0 114.0 501.0 123.0 500.0 127.0 497.0 130.0 461.0 124.0 456.0 121.0 456.0 115.0 465.0 102.0 460.0 102.0 453.0 106.0 445.0 115.0 438.0 134.0 438.0 149.0 434.0 153.0 431.0 152.0 429.0 148.0 429.0 133.0 432.0 127.0 432.0 123.0 438.0 110.0 447.0 99.0 469.0 85.0 480.0 83.0 497.0 83.0 500.0 85.0
581.0 86.0 576.0 93.0 562.0 93.0 558.0 89.0 559.0 85.0 561.0 84.0 570.0 84.0 575.0 77.0 578.0 77.0 581.0 80.0
629.0 69.0 634.0 66.0 638.0 66.0 650.0 71.0 660.0 73.0 663.0 78.0 662.0 85.0 664.0 87.0 673.0 87.0 678.0 89.0 681.0 94.0 680.0 102.0 683.0 104.0 691.0 105.0 693.0 107.0 693.0 110.0 690.0 113.0 673.0 111.0 671.0 108.0 672.0 97.0 670.0 95.0 654.0 94.0 652.0 88.0 654.0 81.0 651.0 79.0 638.0 76.0 633.0 88.0 632.0 105.0 627.0 120.0 629.0 122.0 631.0 121.0 633.0 114.0 635.0 112.0 639.0 112.0 641.0 115.0 640.0 126.0 638.0 129.0 635.0 130.0 621.0 130.0 618.0 129.0 616.0 126.0
711.0 64.0 709.0 64.0
607.0 71.0 604.0 73.0 602.0 71.0 605.0 63.0 607.0 61.0 610.0 61.0
617.0 55.0 613.0 57.0 606.0 57.0 596.0 52.0 594.0 53.0 592.0 57.0 593.0 62.0 589.0 66.0 584.0 63.0 581.0 67.0 574.0 67.0 570.0 65.0 558.0 66.0 555.0 75.0 549.0 76.0 547.0 79.0 544.0 80.0 523.0 79.0 521.0 81.0 521.0 89.0 518.0 97.0 517.0 108.0 528.0 111.0 530.0 117.0 528.0 119.0 523.0 119.0 510.0 116.0 508.0 112.0 509.0 98.0 513.0 85.0 513.0 75.0 518.0 69.0 538.0 68.0 547.0 71.0 549.0 63.0 557.0 57.0 573.0 57.0 582.0 61.0 588.0 46.0 593.0 43.0 617.0 50.0
70.0 216.0 71.0 241.0 75.0 245.0 91.0 247.0 99.0 251.0 108.0 251.0 136.0 261.0 147.0 263.0 170.0 271.0 182.0 273.0 185.0 275.0 189.0 275.0 192.0 277.0 208.0 281.0 209.0 289.0 205.0 298.0 203.0 313.0 199.0 323.0 199.0 327.0 197.0 330.0 195.0 340.0 189.0 351.0 185.0 368.0 179.0 383.0 171.0 411.0 171.0 416.0 167.0 424.0 167.0 431.0 158.0 451.0 155.0 451.0 149.0 447.0 137.0 445.0 106.0 435.0 102.0 435.0 90.0 430.0 56.0 423.0 33.0 413.0 23.0 411.0 19.0 412.0 9.0 422.0 5.0 430.0 5.0 437.0 7.0 444.0 15.0 454.0 36.0 461.0 47.0 468.0 51.0 476.0 57.0 497.0 62.0 507.0 73.0 521.0 76.0 521.0 78.0 519.0 90.0 519.0 92.0 521.0 100.0 522.0 106.0 519.0 138.0 517.0 148.0 521.0 153.0 525.0 170.0 529.0 176.0 529.0 191.0 536.0 205.0 548.0 211.0 556.0 215.0 569.0 215.0 575.0 221.0 593.0 221.0 608.0 223.0 618.0 227.0 624.0 239.0 658.0 241.0 668.0 241.0 696.0 236.0 706.0 230.0 712.0 226.0 714.0 216.0 714.0 210.0 710.0 206.0 710.0 202.0 713.0 202.0 716.0 194.0 723.0 189.0 732.0 189.0 738.0 192.0 745.0 197.0 749.0 198.0 753.0 201.0 756.0 209.0 760.0 212.0 760.0 215.0 757.0 219.0 757.0 224.0 763.0 240.0 763.0 243.0 770.0 246.0 773.0 261.0 766.0 265.0 761.0 267.0 747.0 271.0 739.0 273.0 724.0 278.0 711.0 315.0 713.0 320.0 715.0 370.0 715.0 376.0 713.0 379.0 718.0 383.0 719.0 392.0 718.0 404.0 712.0 409.0 712.0 412.0 710.0 429.0 710.0 435.0 732.0 448.0 755.0 471.0 780.0 488.0 791.0 514.0 803.0 535.0 805.0 539.0 803.0 553.0 803.0 565.0 807.0 579.0 809.0 582.0 811.0 588.0 811.0 602.0 805.0 608.0 799.0 609.0 784.0 615.0 773.0 615.0 766.0 619.0 752.0 619.0 746.0 621.0 744.0 621.0 734.0 625.0 725.0 625.0 709.0 627.0 703.0 633.0 699.0 645.0 699.0 652.0 703.0 657.0 709.0 658.0 720.0 654.0 727.0 644.0 733.0 640.0 733.0 636.0 737.0 631.0 760.0 629.0 763.0 629.0 775.0 634.0 781.0 636.0 781.0 644.0 787.0 654.0 791.0 673.0 803.0 676.0 803.0 680.0 808.0 681.0 818.0 683.0 820.0 685.0 827.0 681.0 826.0 678.0 829.0 669.0 846.0 663.0 853.0 639.0 844.0 636.0 850.0 636.0 854.0 639.0 857.0 656.0 863.0 673.0 875.0 682.0 879.0 700.0 891.0 704.0 892.0 705.0 897.0 703.0 899.0 703.0 904.0 715.0 913.0 721.0 915.0 728.0 908.0 733.0 907.0 751.0 925.0 756.0 927.0 780.0 945.0 788.0 949.0 804.0 953.0 826.0 963.0 839.0 967.0 841.0 969.0 844.0 969.0 854.0 974.0 859.0 980.0 865.0 981.0 876.0 986.0 879.0 993.0 887.0 1000.0 883.0 1008.0 883.0 1013.0 897.0 1025.0 900.0 1025.0 917.0 1035.0 930.0 1039.0 941.0 1045.0 949.0 1054.0 957.0 1059.0 965.0 1059.0 970.0 1054.0 975.0 1053.0 979.0 1049.0 986.0 1033.0 1015.0 1027.0 1018.0 1025.0 1027.0 1025.0 1035.0 1022.0 1039.0 1017.0 1041.0 1008.0 1047.0 1001.0 1053.0 980.0 1059.0 970.0 1065.0 953.0 1067.0 934.0 1069.0 931.0 1069.0 921.0 1071.0 918.0 1071.0 912.0 1073.0 910.0 1075.0 888.0 1078.0 885.0 1082.0 875.0 1081.0 866.0 1089.0 847.0 1089.0 840.0 1093.0 830.0 1095.0 813.0 1103.0 809.0 1107.0 800.0 1114.0 793.0 1115.0 788.0 1118.0 785.0 1121.0 778.0 1126.0 776.0 1127.0 779.0 1129.0 779.0 1130.0 776.0 1138.0 770.0 1140.0 765.0 1160.0 739.0 1190.0 710.0 1200.0 703.0 1200.0 699.0 1196.0 695.0 1196.0 692.0 1206.0 681.0 1208.0 681.0 1214.0 675.0 1226.0 667.0 1240.0 661.0 1248.0 655.0 1256.0 653.0 1276.0 641.0 1290.0 636.0 1295.0 637.0 1299.0 635.0 1315.0 635.0 1321.0 633.0 1327.0 638.0 1337.0 655.0 1335.0 656.0 1335.0 664.0 1343.0 665.0 1357.0 656.0 1357.0 648.0 1348.0 648.0 1346.0 646.0 1343.0 639.0 1332.0 625.0 1352.0 613.0 1355.0 613.0 1369.0 606.0 1378.0 599.0 1414.0 581.0 1422.0 575.0 1429.0 573.0 1434.0 569.0 1440.0 567.0 1446.0 561.0 1463.0 552.0 1506.0 521.0 1519.0 514.0 1527.0 505.0 1529.0 500.0 1536.0 494.0 1541.0 514.0 1544.0 518.0 1541.0 520.0 1542.0 528.0 1551.0 528.0 1561.0 519.0 1561.0 512.0 1554.0 510.0 1553.0 501.0 1549.0 497.0 1546.0 490.0 1546.0 487.0 1549.0 483.0 1547.0 473.0 1551.0 467.0 1551.0 463.0 1547.0 459.0 1547.0 453.0 1553.0 443.0 1553.0 433.0 1543.0 423.0 1528.0 424.0 1522.0 419.0 1512.0 417.0 1513.0 395.0 1517.0 386.0 1517.0 379.0 1530.0 380.0 1530.0 371.0 1507.0 365.0 1499.0 366.0 1499.0 374.0 1505.0 376.0 1503.0 385.0 1495.0 396.0 1495.0 401.0 1497.0 404.0 1496.0 411.0 1491.0 409.0 1483.0 409.0 1479.0 407.0 1471.0 407.0 1465.0 405.0 1449.0 405.0 1426.0 401.0 1414.0 401.0 1409.0 399.0 1401.0 399.0 1396.0 397.0 1386.0 397.0 1383.0 395.0 1378.0 395.0 1371.0 391.0 1367.0 391.0 1349.0 383.0 1346.0 383.0 1344.0 381.0 1327.0 375.0 1317.0 369.0 1306.0 365.0 1282.0 345.0 1272.0 343.0 1269.0 340.0 1269.0 336.0 1276.0 328.0 1280.0 316.0 1280.0 309.0 1289.0 309.0 1290.0 301.0 1281.0 298.0 1266.0 290.0 1256.0 291.0 1256.0 298.0 1267.0 303.0 1267.0 305.0 1263.0 309.0 1259.0 320.0 1253.0 327.0 1252.0 333.0 1226.0 320.0 1222.0 320.0 1216.0 314.0 1175.0 297.0 1171.0 299.0 1150.0 303.0 1148.0 305.0 1131.0 303.0 1115.0 307.0 1109.0 311.0 1106.0 308.0 1124.0 300.0 1143.0 301.0 1147.0 299.0 1149.0 295.0 1145.0 282.0 1136.0 272.0 1132.0 262.0 1128.0 259.0 1122.0 258.0 1124.0 252.0 1113.0 242.0 1106.0 233.0 1089.0 230.0 1082.0 227.0 1075.0 219.0 1050.0 199.0 1042.0 190.0 1026.0 181.0 1032.0 171.0 1034.0 171.0 1041.0 175.0 1045.0 182.0 1051.0 185.0 1062.0 185.0 1063.0 181.0 1059.0 176.0 1057.0 170.0 1044.0 157.0 1025.0 142.0 1010.0 135.0 1005.0 140.0 999.0 152.0 992.0 156.0 974.0 153.0 972.0 140.0 973.0 135.0 971.0 132.0 956.0 131.0 953.0 135.0 945.0 133.0 943.0 131.0 943.0 125.0 939.0 120.0 932.0 116.0 926.0 116.0 917.0 107.0 896.0 108.0 892.0 111.0 881.0 111.0 875.0 105.0 858.0 105.0 853.0 101.0 850.0 101.0 845.0 104.0 806.0 103.0 797.0 106.0 771.0 105.0 746.0 107.0 729.0 95.0 720.0 93.0 719.0 90.0 713.0 84.0 710.0 83.0 699.0 72.0 697.0 60.0 687.0 50.0 685.0 46.0 683.0 32.0 679.0 29.0 671.0 31.0 669.0 29.0 667.0 24.0 667.0 17.0 665.0 14.0 653.0 13.0 645.0 7.0 643.0 7.0 641.0 11.0 636.0 15.0 622.0 15.0 614.0 11.0 602.0 9.0 599.0 11.0 583.0 12.0 574.0 15.0 565.0 15.0 543.0 23.0 529.0 23.0 523.0 29.0 513.0 33.0 508.0 33.0 506.0 35.0 502.0 35.0 493.0 39.0 489.0 39.0 478.0 43.0 471.0 43.0 468.0 45.0 443.0 43.0 428.0 58.0 413.0 67.0 403.0 81.0 401.0 88.0 399.0 90.0 399.0 94.0 391.0 94.0 376.0 87.0 372.0 83.0 359.0 82.0 354.0 85.0 351.0 96.0 343.0 111.0 339.0 130.0 333.0 146.0 333.0 152.0 321.0 198.0 315.0 208.0 316.0 218.0 313.0 224.0 314.0 228.0 312.0 230.0 312.0 236.0 315.0 239.0 323.0 239.0 332.0 245.0 336.0 245.0 338.0 243.0 337.0 238.0 345.0 217.0 346.0 206.0 349.0 198.0 352.0 196.0 351.0 189.0 353.0 181.0 350.0 178.0 347.0 178.0 349.0 162.0 353.0 152.0 383.0 152.0 382.0 178.0 378.0 198.0 370.0 201.0 371.0 203.0 376.0 205.0 369.0 229.0 364.0 228.0 362.0 230.0 360.0 239.0 358.0 241.0 361.0 244.0 366.0 245.0 364.0 254.0 361.0 254.0 357.0 260.0 358.0 261.0 356.0 263.0 351.0 279.0 351.0 282.0 354.0 285.0 352.0 293.0 345.0 292.0 342.0 300.0 341.0 307.0 344.0 308.0 340.0 326.0 342.0 330.0 341.0 334.0 338.0 337.0 336.0 355.0 330.0 370.0 312.0 366.0 301.0 360.0 282.0 355.0 282.0 334.0 293.0 320.0 309.0 325.0 313.0 323.0 313.0 319.0 317.0 311.0 322.0 290.0 327.0 282.0 326.0 280.0 313.0 277.0 300.0 269.0 289.0 269.0 272.0 263.0 252.0 259.0 242.0 254.0 235.0 244.0 214.0 243.0 210.0 241.0 197.0 239.0 170.0 229.0 163.0 229.0 135.0 221.0 125.0 221.0 119.0 219.0 112.0 214.0 110.0 207.0 98.0 195.0 95.0 194.0 87.0 197.0 72.0 211.0
1562.0 1.0 1562.0 1060.0 1.0 1060.0 1.0 1.0
